9,10464
13,15606
17,11022
20,1656
22,3918
26,8472
30,13650
44,3456
51,13212
53,18624
66,3498
79,16242
85,10788
91,18720
94,19014
95,7680
98,7236
103,4002
104,876
125,564
127,11970
129,7272
132,4206
134,10716
135,1500
136,7104
142,7686
153,4326
157,12996
166,12108
169,17466
172,6198
179,13500
182,18618
186,744
190,13020
205,1542
209,3438
217,12018
222,3522
223,11730
226,240
227,9006
228,7200
237,13134
257,5796
268,3702
276,15804
282,9714
295,19002
296,7260
318,17100
319,10680
325,12570
343,1422
346,15318
347,1314
360,10656
364,12138
371,7572
377,13962
378,84
379,13698
380,11988
388,6462
401,13608
410,17892
418,3732
420,14022
422,4302
447,1758
452,2634
464,8736
466,4782
469,972
486,9942
511,6474
542,2964
543,4332
551,16746
553,17580
556,18636
570,7452
571,9660
576,1074
580,6624
582,19350
593,16806
594,2238
595,3138
597,10770
599,6996
600,16356
613,19878
620,17922
626,13008
632,10686
638,12204
640,2412
642,7314
645,8982
647,13410
657,4134
661,14208
683,18948
695,8994
709,1908
710,13566
713,10890
720,2676
721,8496
730,11904
742,6348
744,7932
747,5082
749,15588
766,5748
768,5280
770,732
772,13104
776,10296
780,954
786,19482
787,8910
793,16056
796,9648
821,3282
826,7896
831,15558
845,11742
849,11562
865,4080
901,702
905,5178
913,13146
921,13890
927,9822
931,18246
935,11478
936,14490
937,16950
954,16566
955,4128
961,7800
965,4536
985,11706
995,3516
997,14814
1006,15372
1007,16002
1018,9090
1021,12162
1022,6678
1024,17994
1030,18276
1033,318
1035,6918
1041,11958
1046,2784
1048,9240
1050,17478
1057,3306
1061,17112
1066,6954
1072,15654
1075,4356
1079,17322
1081,13614
1087,9096
1089,4410
1092,13878
1093,2736
1094,19266
1101,9960
1105,17628
1112,13812
1113,5118
1117,19626
1119,960
1128,4974
1129,12768
1132,2772
1134,15336
1136,14124
1139,3966
1143,1506
1148,1446
1149,3444
1152,6006
1158,2094
1184,6372
1198,18354
1210,15582
1213,3978
1214,9762
1216,246
1218,6432
1225,18402
1226,6000
1227,7842
1232,13242
1234,16644
1238,5880
1253,16110
1254,3150
1265,7782
1267,15516
1283,8274
1303,162
1311,8718
1327,13026
1331,15498
1334,2610
1337,16434
1353,5976
1360,7182
1372,6174
1373,13770
1384,10932
1386,7110
1389,18282
1393,15726
1404,15348
1405,7254
1410,9408
1415,7980
1416,9546
1421,5622
1425,9480
1428,11028
1429,16020
1454,4278
1456,15738
1458,17574
1461,2928
1463,3744
1480,3780
1487,8940
1494,16074
1503,7950
1506,10524
1507,14988
1513,1332
1526,6948
1537,390
1568,12054
1571,15624
1573,12690
1579,18774
1586,3060
1588,10494
1596,12486
1610,5484
1613,1896
1614,3822
1618,1266
1620,930
1626,18024
1628,408
1634,9564
1641,17802
1655,15924
1662,14646
1666,1464
1669,13494
1678,11712
1685,3120
1695,14580
1699,11544
1700,3366
1702,13278
1709,1068
1713,5634
1718,2028
1726,2046
1727,8190
1728,5334
1730,11868
1732,19728
1736,17934
1739,8826
1742,6978
1751,17760
1754,7830
1757,8004
1759,5274
1765,3504
1774,6786
1776,17172
1781,19194
1782,9696
1785,6768
1786,14178
1794,14532
1806,5124
1810,5832
1811,14400
1813,798
1817,17340
1826,18
1828,1830
1833,18954
1839,3288
1842,15750
1863,2730
1864,5184
1865,690
1867,16104
1879,15852
1910,13200
1911,17826
1922,6540
1932,3414
1933,1536
1946,6612
1950,13362
1954,12156
1974,1008
1975,13158
1977,8412
1979,5436
1980,7674
1983,13302
1988,2172
1990,19416
1993,2694
1996,6942
1997,7338
2001,7584
2015,14238
2016,19956
2017,17664
2029,354
2031,1152
2036,6492
2048,1764
2053,2724
2058,5190
2063,5958
2064,5886
2065,18762
2076,4140
2077,1398
2084,16164
2098,8136
2104,7626
2105,5550
2114,4578
2122,4026
2126,17532
2128,4020
2130,16884
2161,17832
2163,4632
2166,54
2170,14358
2174,924
2178,3618
2185,9732
2189,5058
2191,12264
2195,16524
2196,7440
2198,14220
2213,384
2214,8400
2227,15780
2229,978
2232,7062
2241,18696
2250,19566
2251,5970
2262,18288
2264,4452
2266,19230
2267,16452
2269,8376
2271,10074
2274,19812
2276,4710
2283,14520
2284,7068
2297,3156
2299,9954
2304,6666
2309,7344
2315,17700
2326,11862
2327,15294
2328,9846
2339,222
2341,1824
2343,3840
2344,6516
2345,588
2349,1752
2363,9300
2366,3090
2375,156
2377,5268
2381,12450
2384,2088
2395,10968
2397,2766
2401,15180
2404,12648
2407,7356
2416,1692
2422,13452
2427,14760
2428,9444
2433,18972
2439,18450
2441,7944
2467,8628
2468,414
2476,5754
2483,5934
2488,13014
2490,7566
2499,1356
2506,1122
2516,16626
2526,3648
2527,4734
2530,14460
2537,7602
2539,17490
2542,11184
2548,1380
2553,15762
2558,16044
2560,4176
2566,12672
2571,18930
2574,6024
2589,11316
2596,7698
2599,4464
2603,5088
2606,14616
2607,6648
2615,15474
2625,9198
2628,1524
2629,3954
2637,13554
2641,11670
2642,17424
2656,17118
2669,10914
2678,8292
2679,17772
2683,6390
2689,9834
2692,12126
2699,6642
2700,6930
2712,6960
2721,11496
2724,6570
2729,17214
2737,6150
2738,15198
2740,19212
2758,10314
2765,12348
2767,6156
2771,16602
2778,6924
2784,840
2801,678
2802,19290
2809,6798
2815,4896
2817,11154
2819,9624
2820,13074
2830,18528
2833,3750
2837,14334
2840,16920
2845,7890
2851,9486
2854,17142
2856,15012
2858,10362
2859,1914
2860,11778
2873,14994
2875,882
2888,6228
2895,234
2897,10290
2899,11436
2908,17334
2921,14778
2926,16506
2942,10452
2943,17220
2944,4164
2949,15414
2955,10746
2957,15540
2960,19974
2962,18102
2971,16374
2976,16794
2981,10248
2986,6144
2988,7962
2991,1410
2992,1104
2993,12990
2994,7596
3007,6120
3020,6258
3036,2820
3037,6048
3042,18144
3046,18498
3054,10692
3058,3030
3061,14964
3071,8196
3085,13230
3091,7920
3092,12330
3093,15768
3100,11448
3105,7746
3106,18486
3114,13182
3138,7560
3139,16656
3141,17904
3148,1806
3152,19770
3153,3552
3157,17652
3169,7590
3174,14244
3185,8556
3188,19224
3192,15864
3198,14010
3199,6468
3211,16812
3213,6858
3215,11940
3219,17154
3225,660
3234,7650
3246,17736
3251,9582
3274,13044
3282,17298
3284,5310
3285,6780
3291,6990
3292,18138
3299,1230
3309,4116
3310,14382
3312,4956
3316,18570
3317,10386
3321,3348
3323,5034
3328,5760
3330,8748
3335,13686
3341,14298
3351,1134
3379,8742
3386,4062
3390,3690
3395,1416
3397,12534
3423,6936
3426,12756
3431,4608
3433,18798
3445,6480
3454,17778
3455,3270
3463,18906
3465,11514
3468,4860
3471,2652
3477,18234
3480,13590
3486,12414
3488,10638
3493,10500
3497,2436
3498,16068
3500,19980
3505,6804
3506,300
3507,11874
3510,18630
3515,462
3517,816
3525,15030
3549,7476
3551,14364
3560,18780
3567,17046
3568,12606
3572,8640
3576,14754
3590,1386
3600,8544
3615,4446
3619,804
3625,10950
3628,5364
3630,3198
3635,12978
3642,3300
3649,16944
3651,19428
3653,270
3658,1110
3663,2346
3664,12210
3666,2874
3667,15276
3675,16800
3679,5904
3687,19902
3691,4806
3692,8352
3708,15330
3716,6036
3737,13620
3742,3594
3746,762
3748,10740
3760,16194
3773,11724
3788,3846
3789,8388
3791,8814
3799,2280
3803,4344
3806,18546
3808,13806
3809,8508
3816,16386
3819,738
3824,18918
3829,13968
3831,10044
3845,16908
3847,12528
3849,6792
3855,966
3858,11136
3864,6288
3869,16410
3875,5598
3896,6234
3899,11604
3901,2562
3904,7668
3911,16938
3921,8616
3926,12552
3932,19434
3961,6684
3964,60
3969,16134
3980,11226
3993,3858
3995,9900
4005,4932
4009,12024
4012,4242
4023,9726
4025,3642
4032,9426
4039,17310
4048,18588
4049,2244
4050,6438
4053,15096
4057,19134
4062,1062
4067,17982
4069,14610
4077,7158
4091,864
4093,19098
4104,8064
4109,19326
4126,7998
4127,1128
4140,9606
4142,3624
4144,11826
4160,19200
4169,13794
4200,15462
4206,8622
4208,2148
4216,14424
4220,11190
4221,6582
4234,2034
4242,3108
4246,13170
4248,9414
4251,14880
4253,6810
4257,5166
4259,15456
4263,3528
4265,17484
4268,8868
4289,12030
4291,17412
4300,15774
4330,504
4344,1182
4346,10800
4357,12660
4366,18294
4376,15954
4377,10728
4395,18912
4401,5736
4402,11646
4407,2154
4411,4908
4417,14268
4419,18510
4427,17400
4429,15468
4430,12576
4440,19086
4446,1530
4456,12882
4475,18222
4479,3960
4481,2526
4483,1854
4485,12318
4494,3720
4498,1296
4503,6882
4509,13296
4512,4194
4515,17292
4522,14058
4528,10902
4534,7278
4551,4998
4589,3216
4600,9786
4605,16182
4606,6546
4635,114
4636,11676
4638,5472
4642,19710
4645,15432
4653,8016
4658,3174
4659,9702
4662,2832
4663,8046
4677,3312
4684,16512
4688,2142
4692,13704
4702,15048
4709,12858
4711,14184
4714,7818
4717,9372
4724,10782
4725,5928
4732,11634
4733,4092
4742,8124
4765,9504
4766,3480
4768,15324
4783,6816
4806,10908
4809,19092
4810,13740
4816,1884
4824,16308
4831,834
4833,3798
4834,360
4839,2184
4848,11394
4849,1212
4863,15210
4875,5010
4889,5388
4893,8100
4902,11196
4907,12702
4915,9264
4917,19998
4926,12822
4931,15228
4938,13338
4939,12828
4946,7620
4953,10008
4956,4038
4958,17430
4960,16662
4965,4602
4966,7266
4970,18186
4973,7536
4974,5022
4975,11616
4979,2868
4982,1680
4988,4050
4990,16368
4992,6204
4996,11298
4997,4686
5000,786
5006,5646
5018,17598
5034,1368
5035,8706
5036,19830
5037,3486
5052,15648
5053,18876
5059,18456
5064,16206
5066,19740
5073,11526
5075,1326
5082,6342
5086,15960
5090,4488
5093,3192
5133,2274
5136,5670
5146,4422
5147,3786
5152,15696
5160,12270
5164,17676
5171,8076
5177,13284
5178,11688
5184,16320
5208,9042
5227,2664
5235,19950
5238,11502
5245,14982
5250,2682
5251,18810
5253,11520
5254,720
5265,5790
5269,6276
5284,1086
5287,16980
5292,6270
5296,17376
5306,15522
5320,17196
5325,9810
5337,19944
5340,15222
5347,19374
5348,15396
5349,11964
5351,14046
5360,3408
5373,14484
5375,12492
5376,8514
5382,13428
5389,13866
5390,11994
5391,16710
5393,6720
5398,18690
5404,12186
5406,19722
5412,19392
5419,9522
5423,1926
5433,18582
5436,13194
5445,12750
5449,16836
5460,15342
5479,14730
5485,11928
5496,9756
5503,14640
5508,1344
5516,1362
5521,19446
5522,13524
5525,5526
5527,1188
5530,11334
5531,18042
5537,7848
5540,4590
5548,6564
5560,11046
5562,9576
5563,10398
5568,10872
5575,1146
5576,3546
5585,726
5592,18984
5598,14736
5604,19962
5606,19608
5614,8676
5615,4962
5622,1320
5623,5718
5647,7470
5655,15186
5664,5040
5682,3882
5683,19164
5687,3036
5689,582
5693,8154
5696,8406
5697,9894
5699,12180
5702,5424
5709,10242
5717,1866
5729,11328
5734,8550
5741,19284
5745,9186
5748,4986
5754,16554
5755,9978
5759,6402
5760,16122
5761,17970
5769,2106
5774,12900
5777,1440
5792,19734
5794,17094
5799,16668
5800,6456
5807,8712
5811,18054
5812,17394
5813,11592
5814,18990
5822,16824
5823,5130
5830,15102
5832,324
5833,4650
5838,2988
5850,6630
5854,14772
5856,3678
5871,13824
5872,10560
5882,17952
5886,15390
5887,15108
5889,7020
5896,13638
5897,10278
5898,13596
5916,8430
5927,7878
5939,16716
5942,7404
5954,612
5958,1998
5965,15534
5966,3714
5971,18942
5976,18600
5979,5382
5980,9750
5983,10116
5984,19320
5985,13710
5987,11232
5991,9588
6000,15444
6002,9216
6009,16620
6011,13416
6016,3630
6018,18300
6021,12870
6043,13446
6047,6132
6060,4104
6062,12324
6063,4644
6064,3330
6070,2934
6071,15996
6084,5352
6091,15156
6102,16080
6113,7170
6131,8364
6135,18318
6137,4950
6144,5910
6148,4392
6169,10266
6171,18684
6173,1944
6175,10458
6181,15114
6184,9210
6185,18252
6191,19338
6202,16014
6223,13746
6234,3582
6236,8070
6238,10812
6245,13314
6247,432
6249,16248
6254,14724
6255,9054
6258,19800
6259,14934
6272,2292
6278,8088
6290,8646
6297,3660
6298,17556
6309,630
6310,8784
6316,8010
6319,9636
6327,11142
6331,5226
6339,10938
6341,2532
6344,19368
6350,7446
6352,16188
6357,18738
6365,3984
6366,10512
6372,8256
6384,3876
6387,14130
6394,7518
6401,1452
6403,11910
6409,1338
6424,14628
6428,16494
6432,11736
6438,18270
6440,5016
6447,11058
6448,7434
6467,7464
6471,2460
6472,1974
6485,17640
6488,14088
6489,12738
6493,19380
6499,174
6513,8532
6516,6828
6518,4236
6519,18114
6529,1710
6535,13830
6551,10764
6555,19500
6558,18426
6562,108
6573,18522
6585,9138
6593,10320
6597,5580
6618,3276
6621,13572
6627,6714
6630,4308
6631,7380
6632,2646
6636,7710
6642,12066
6643,5286
6660,16974
6681,2538
6682,16398
6684,15204
6687,8592
6692,6756
6697,4266
6699,4152
6702,16284
6706,15630
6708,18882
6715,3432
6724,8976
6725,4188
6727,1200
6729,1650
6733,15168
6735,13086
6736,10668
6746,2010
6749,2808
6752,750
6754,13404
6757,10992
6759,10164
6776,13974
6794,11244
6811,17358
6814,14052
6818,17748
6821,2550
6822,12102
6824,16380
6827,9162
6829,4854
6832,4614
6833,7176
6837,13584
6839,6072
6845,642
6846,2388
6848,264
6849,17190
6853,2340
6858,4674
6870,3666
6874,8964
6876,11178
6884,14562
6886,19176
6887,19884
6896,3468
6900,16440
6914,9858
6918,17226
6921,4572
6932,2622
6934,4512
6936,19920
6937,18894
6964,8220
6966,2232
6977,15402
6984,19530
6991,13320
6993,17070
6994,8928
7010,14604
7011,17052
7012,42
7020,11754
7027,17232
7029,10440
7041,16152
7046,5292
7052,19494
7056,7212
7057,5988
7064,8952
7066,3144
7067,4416
7068,17670
7069,19314
7075,19146
7076,14796
7078,11304
7090,990
7094,10836
7095,13950
7113,8946
7125,9600
7149,15990
7159,12966
7160,7986
7165,18702
7167,16704
7179,618
7191,9150
7192,15078
7197,14292
7204,5514
7223,1794
7229,3096
7231,18654
7234,14112
7246,9840
7250,14682
7255,2118
7263,8082
7264,10986
7268,2520
7275,11124
7277,1878
7283,6618
7284,16596
7286,10830
7288,2580
7293,3006
7295,13260
7298,5628
7304,4548
7308,13800
7311,13422
7319,6366
7333,13662
7337,1584
7341,14370
7344,2370
7347,2628
7354,8898
7358,7692
7359,10866
7362,13914
7363,15504
7385,4890
7388,14442
7390,2922
7397,9192
7399,8586
7411,12618
7422,9918
7423,18372
7431,11700
7436,13644
7444,9288
7451,12600
7457,13626
7462,15948
7478,14448
7484,13038
7489,18366
7490,17448
7504,14376
7511,4914
7512,5742
7517,5502
7524,2946
7531,12078
7536,16962
7542,2220
7549,5460
7560,11748
7565,17286
7569,12096
7572,9534
7573,15678
7577,4074
7582,1638
7584,18606
7585,18840
7592,4218
7595,12582
7600,12972
7609,15264
7614,7458
7636,13188
7638,14892
7642,4170
7643,9666
7649,2700
7651,15300
7661,7506
7669,9312
7674,9744
7675,2298
7681,2256
7688,7866
7694,4032
7697,19782
7705,7224
7706,6108
7709,16536
7714,19278
7715,19536
7729,12852
7730,1158
7739,10806
7756,1176
7764,19662
7767,36
7768,1566
7774,11718
7780,6378
7783,10038
7800,10200
7801,606
7805,11652
7812,9816
7819,14142
7820,16608
7822,11484
7866,1056
7884,12840
7892,19080
7895,2130
7905,10056
7914,7230
7920,18378
7924,14274
7927,13674
7934,19968
7944,15912
7953,7770
7954,13002
7957,4272
7959,15966
7971,996
7978,17136
7981,18468
7982,14310
7988,11262
7992,11610
8009,19674
8016,5802
8024,5340
8027,8184
8031,6126
8039,2976
8040,18408
8044,10608
8045,10548
8049,11088
8050,5664
8059,2862
8062,11280
8064,912
8078,4380
8096,18198
8097,5700
8099,2082
8109,1644
8110,12474
8115,15906
8121,19542
8124,3804
8126,17754
8134,17712
8135,1164
8140,16632
8141,9552
8142,11430
8146,10818
8147,5430
8148,14166
8158,15126
8160,6
8170,2040
8180,11532
8194,12240
8195,1548
8199,2352
8202,7368
8206,14634
8208,11034
8209,10584
8217,9870
8221,14688
8222,2022
8224,18228
8235,4284
8254,8682
8264,5244
8265,78
8266,2958
8267,13176
8268,11586
8288,15756
8293,5322
8294,780
8298,19788
8301,4884
8320,3078
8324,3654
8333,2262
8335,8418
8339,19668
8343,10776
8346,11160
8347,14742
8348,3612
8355,9888
8357,9144
8360,18090
8361,1512
8368,19206
8374,4296
8379,9948
8382,18258
8403,5538
8409,12246
8410,18726
8412,6912
8413,14160
8423,12624
8424,3126
8425,14466
8426,17592
8428,7872
8434,11268
8442,18264
8460,16956
8469,16764
8473,15642
8475,11766
8479,6138
8484,18642
8486,11358
8489,18708
8493,14904
8504,15120
8505,2754
8508,7428
8513,7398
8517,7860
8519,10620
8528,8916
8529,10644
8540,10284
8542,8112
8543,13716
8545,540
8547,294
8549,18180
8557,9360
8586,17058
8592,8370
8596,16062
8597,1242
8610,1818
8614,4458
8634,2466
8636,5214
8638,13440
8639,8694
8646,10854
8648,8448
8655,3048
8656,4476
8659,18492
8674,5982
8678,8634
8682,16146
8684,13848
8692,13272
8693,11820
8705,9972
8728,12612
8732,7080
8771,17244
8773,8328
8778,13842
8781,11040
8782,9864
8786,19506
8796,18066
8797,19848
8802,4848
8804,4800
8811,10146
8813,12114
8814,17202
8819,2478
8820,2160
8822,17382
8823,16926
8825,18306
8826,16290
8828,4980
8830,9912
8834,6600
8848,14826
8851,6744
8856,1596
8857,8202
8865,6420
8866,11400
8871,18060
8901,6510
8905,12504
8908,6060
8909,16578
8910,2208
8916,228
8921,132
8926,3942
8936,5940
8937,19356
8943,6114
8945,15900
8952,5568
8960,9108
8968,15018
8973,2502
8976,12558
8985,12564
8987,6066
8999,1116
9010,9234
9015,16680
9017,12792
9021,10998
9032,11274
9033,8610
9036,18864
9042,4290
9068,5298
9070,18786
9077,6186
9087,12642
9093,9462
9098,10308
9101,14148
9108,17916
9115,7824
9121,10218
9122,4722
9128,18072
9143,19590
9144,15138
9148,1260
9151,10338
9159,11208
9164,1674
9165,12300
9169,7614
9173,4518
9176,2316
9182,17004
9202,16896
9205,5004
9207,15240
9214,17370
9220,1020
9224,7242
9227,1482
9235,3246
9239,7704
9258,15690
9261,10176
9267,15234
9268,3756
9274,2178
9275,18552
9276,14922
9287,3852
9291,14916
9296,7554
9312,19644
9320,10140
9324,12666
9326,17724
9329,3708
9334,17184
9340,4566
9351,17538
9381,18978
9391,2826
9392,9366
9395,18870
9408,15636
9417,19836
9421,13488
9431,306
9442,1434
9444,2706
9445,14832
9446,17880
9460,4212
9465,10260
9468,3228
9472,7296
9474,1890
9490,18000
9512,3774
9519,19050
9522,19656
9526,420
9540,14568
9548,2586
9552,1194
9553,5094
9554,12930
9556,11832
9559,17502
9567,9390
9582,1992
9584,9906
9589,13920
9590,13602
9596,4830
9597,8310
9598,1032
9603,16818
9605,14910
9610,16752
9613,16788
9616,10572
9619,4068
9625,13056
9632,18516
9633,10704
9634,3738
9637,8862
9640,5820
9644,14766
9649,696
9661,13128
9663,2310
9677,17646
9678,10236
9690,17682
9697,8502
9699,9516
9700,19602
9731,4836
9735,1704
9736,1578
9739,14544
9741,11100
9743,6336
9744,2100
9752,1560
9754,10224
9755,10734
9762,1224
9768,1716
9772,18312
9779,9684
9780,8874
9786,5544
9793,10632
9805,948
9808,15060
9813,13734
9837,1206
9843,12864
9844,19596
9845,5724
9856,8394
9857,16392
9863,17820
9868,8970
9881,19992
9885,9492
9886,10068
9888,12072
9894,8850
9897,3084
9898,3024
9904,17874
9905,13536
9914,9084
9917,17910
9925,1392
9934,576
9939,5586
9944,13542
9945,12216
9946,7152
9952,17742
9956,14784
9957,6552
9963,5712
9964,11238
9969,4248
9970,18564
9981,11118
9987,15144
9993,10050
10001,8238
10007,10212
10013,16968
10018,336
10021,12774
10022,6660
10025,14856
10028,5076
10050,16278
10051,1608
10055,16200
10058,9852
10064,5838
10065,48
10076,18204
10077,14262
10079,7632
10092,14706
10095,6864
10104,6222
10108,3318
10115,14676
10117,366
10118,9798
10125,17406
10126,5922
10133,15510
10137,14718
10148,5946
10155,150
10166,1812
10169,6330
10185,18174
10196,12252
10213,15918
10216,18006
10217,15972
10219,7908
10227,5052
10233,5862
10238,2940
10239,11658
10247,17454
10250,7992
10255,17946
10259,16428
10262,2016
10267,1980
10269,1470
10274,2760
10277,18420
10290,11112
10307,16350
10308,10488
10321,1218
10332,8262
10340,19686
10350,12540
10351,15882
10357,1614
10360,14820
10371,16260
10373,16740
10378,14868
10379,7038
10380,8340
10385,11598
10386,8118
10400,6300
10402,6762
10417,168
10423,11070
10426,8700
10441,1572
10443,11856
10444,6252
10445,19914
10447,19248
10458,16584
10459,3900
10461,19056
10466,10404
10471,12630
10475,3180
10476,900
10484,372
10491,8316
10498,19806
10505,13140
10511,3996
10513,8688
10519,7662
10520,15162
10530,3402
10545,14076
10554,16590
10560,9282
10571,3114
10577,2718
10585,14394
10590,9828
10591,3000
10596,6702
10599,8796
10600,8460
10602,5730
10603,9078
10604,6894
10607,7644
10611,16890
10616,1938
10627,2802
10640,8268
10641,15426
10649,13392
10662,11838
10669,4656
10682,2418
10688,19842
10704,11508
10706,5262
10712,8106
10715,12276
10718,276
10720,19344
10721,8574
10725,18078
10733,13872
10741,16548
10751,18558
10752,9936
10753,684
10756,12228
10757,3012
10762,19704
10772,5616
10774,4866
10782,18336
10788,3930
10790,15618
10793,4692
10798,2196
10800,12372
10805,6078
10809,15252
10812,2544
10813,2904
10821,17862
10822,15858
10823,10194
10825,16338
10826,12480
10830,2910
10833,19422
10852,19026
10854,19560
10859,12444
10864,4374
10868,4254
10873,18462
10874,10848
10879,4398
10887,4200
10895,14514
10898,12306
10899,4740
10901,12000
10902,3888
10904,15174
10916,1278
10921,18576
10934,19404
10937,4500
10949,14958
10951,11916
10955,19464
10960,17544
10961,138
10982,16086
10989,3396
10995,2136
11007,19872
11014,18996
11015,12312
11016,2112
11017,13458
11022,19554
11025,3324
11033,10482
11041,13656
11044,474
11046,12132
11049,13788
11053,9738
11054,15246
11055,19458
11060,7332
11072,5808
11074,15192
11093,258
11094,1236
11108,14970
11133,18672
11137,1428
11140,10422
11143,16026
11144,16692
11160,4350
11169,11934
11191,5604
11192,120
11194,6972
11205,5952
11210,15312
11211,5208
11214,5346
11215,15612
11231,4530
11250,1488
11253,12696
11257,1662
11261,18756
11271,3684
11280,5508
11284,552
11289,14352
11305,12150
11311,14064
11321,11694
11329,7044
11341,5220
11345,3426
11346,19584
11350,8664
11354,468
11356,11286
11371,7122
11373,15042
11379,11574
11389,3210
11395,9384
11400,5556
11409,1272
11417,18858
11431,10374
11432,11418
11435,102
11457,13116
11459,6054
11462,3912
11464,14844
11466,17694
11476,10080
11509,1626
11517,19152
11525,17550
11529,18960
11531,14436
11535,14406
11549,13152
11568,19128
11569,13434
11584,12684
11585,19188
11599,9012
11601,13206
11602,14118
11609,13560
11614,11628
11619,7734
11623,10590
11624,12198
11636,16878
11651,11772
11656,4968
11665,984
11669,7194
11672,16212
11680,13464
11686,16128
11690,9342
11696,16038
11710,18120
11723,4362
11726,12408
11728,10032
11732,12810
11733,2442
11742,624
11748,15744
11770,12708
11780,16032
11784,19362
11785,14106
11794,6042
11803,19260
11807,714
11810,16998
11813,10332
11815,14802
11818,15132
11830,4014
11840,5238
11842,19548
11851,2892
11853,11640
11855,9792
11859,7764
11864,7188
11873,528
11876,12636
11879,12678
11882,2856
11884,2604
11885,16404
11888,18612
11889,9642
11891,12192
11901,4542
11906,3726
11912,19764
11913,6852
11924,12036
11928,16722
11931,16098
11935,1590
11940,14976
11954,942
11955,19182
11965,8766
11970,3936
11972,10536
11973,8562
11978,636
11979,15894
11983,18852
11987,5256
11989,10380
11994,1140
11997,7758
12005,7308
12018,13998
12022,18594
12030,10542
12032,17346
12038,19578
12040,7968
12043,19776
12065,15066
12071,3132
12074,19410
12078,14652
12080,11568
12082,6726
12089,7116
12092,7098
12101,3234
12103,16776
12106,12258
12108,4746
12109,3564
12136,9804
12137,8958
12141,6840
12145,14226
12178,11922
12181,16866
12187,9528
12190,5142
12191,9294
12197,5406
12203,5916
12212,11814
12217,8658
12219,16770
12225,2430
12228,17238
12231,3354
12234,0
12236,7092
12237,2322
12238,846
12239,9000
12241,16446
12243,9720
12245,18012
12256,4554
12261,17256
12270,648
12277,12954
12282,18348
12289,5172
12291,3762
12294,13224
12301,11220
12317,13782
12323,6966
12333,19386
12339,14190
12340,3588
12341,444
12344,3636
12349,7494
12350,15828
12351,15810
12360,12468
12363,10344
12369,8856
12370,9678
12378,14928
12379,4878
12380,9276
12383,3972
12387,16296
12393,3258
12403,19932
12406,6384
12409,8568
12411,11898
12423,2250
12431,13722
12434,1728
12437,17730
12440,18744
12443,10062
12447,6522
12451,2844
12461,5376
12481,16560
12487,19518
12512,14070
12515,15870
12528,1902
12539,11880
12553,5304
12555,11892
12556,9708
12558,11214
12559,5106
12574,6900
12579,17388
12588,11148
12601,9156
12604,13326
12607,894
12609,6444
12611,15006
12616,14670
12617,14346
12623,8244
12630,11322
12634,12906
12666,10188
12669,19170
12673,9450
12686,18822
12689,5694
12698,10566
12700,15822
12701,9984
12707,7542
12714,12012
12718,4842
12727,11376
12731,11790
12746,2916
12748,8802
12755,5814
12763,10002
12770,17568
12782,8580
12788,12048
12795,1284
12796,5028
12804,486
12808,1476
12809,8304
12820,4428
12831,11952
12844,7146
12858,2400
12860,16230
12876,15486
12879,17442
12880,1698
12892,16872
12896,17790
12905,6318
12908,9258
12913,4776
12919,15798
12933,8934
12938,2568
12943,8172
12960,6084
12963,4314
12966,6090
12969,11412
12975,144
12978,5682
12979,15978
12980,4698
12985,5454
12999,5394
13006,14898
13010,15672
13022,9996
13035,5466
13044,8346
13061,11352
13064,8892
13068,7164
13069,4230
13072,17082
13075,2304
13082,19938
13093,14232
13095,12174
13096,1842
13103,96
13126,10368
13129,15150
13133,19440
13134,11580
13152,14472
13162,19890
13172,16614
13200,19296
13201,17976
13216,13218
13221,14850
13229,5496
13245,18192
13247,10182
13249,14040
13253,4938
13255,10662
13262,72
13269,7740
13276,8604
13278,12288
13292,2712
13303,16986
13308,10026
13311,4788
13324,19986
13325,2358
13326,16848
13327,7854
13339,9930
13342,6426
13359,15270
13361,3828
13364,10842
13372,13344
13376,10974
13379,6018
13382,14538
13384,510
13389,10794
13402,6396
13420,16842
13424,19236
13428,8922
13432,12402
13437,7410
13439,14202
13440,3054
13445,8034
13449,2838
13451,15450
13458,14838
13464,1860
13465,8214
13471,3870
13473,9966
13474,17250
13487,12432
13491,8130
13492,10356
13495,11466
13511,17562
13524,16332
13527,2616
13540,1734
13546,5784
13562,9768
13569,13680
13571,3906
13591,5964
13600,7140
13601,15084
13610,15480
13630,13986
13634,708
13636,9654
13642,12834
13654,9354
13663,19218
13674,9252
13677,10650
13681,19638
13683,17514
13712,10860
13722,18360
13734,4368
13735,18666
13739,19716
13746,9306
13747,11256
13753,1254
13757,7752
13758,7086
13765,426
13768,14592
13778,12
13787,15360
13798,18210
13800,17460
13807,9318
13810,19818
13826,15930
13830,15306
13840,4110
13850,9498
13853,17268
13857,18018
13866,8142
13868,7578
13870,4584
13889,7530
13906,13902
13910,19074
13913,9672
13915,10710
13925,5100
13926,3384
13932,7836
13942,3390
13945,13668
13961,5112
13968,14250
13970,10152
13982,6696
13984,6498
13986,1080
13990,17178
13991,1554
13996,16728
14006,9120
14017,1494
14018,18792
14021,12912
14029,7032
14053,5574
14058,13356
14061,13482
14066,11946
14078,192
14094,7974
14096,3990
14097,3924
14103,11442
14113,4752
14138,7722
14150,5064
14153,18444
14173,7956
14177,19866
14179,210
14189,18540
14198,13758
14230,9204
14232,13932
14268,822
14280,14004
14291,4386
14295,9066
14301,18324
14304,5046
14310,9114
14311,17850
14314,7902
14320,2670
14323,3240
14326,342
14330,11850
14354,11406
14363,16422
14370,12588
14376,3162
14384,12924
14386,17526
14387,216
14390,16686
14391,17520
14402,5490
14404,12984
14409,15000
14420,14256
14422,7716
14430,1050
14431,7386
14444,2076
14452,1962
14453,14322
14459,4620
14466,11622
14473,18828
14474,516
14475,9468
14487,4728
14489,14478
14518,5232
14519,14094
14523,15438
14524,10434
14535,16266
14539,5202
14549,19116
14550,6354
14556,10302
14574,12426
14586,16464
14589,13632
14591,2514
14593,5892
14596,7926
14600,438
14601,13512
14609,18846
14614,19038
14616,6576
14619,17814
14620,13944
14622,19254
14625,9612
14629,12342
14637,16416
14641,1308
14643,13548
14646,6504
14649,16992
14650,9270
14651,1950
14652,11664
14658,2790
14668,10446
14684,15666
14693,3816
14696,18834
14702,5874
14708,13518
14720,480
14731,10086
14734,4260
14758,18240
14766,11130
14773,8730
14779,9420
14780,7500
14805,4872
14807,11844
14808,14550
14810,14214
14812,14508
14816,13860
14826,9168
14877,16782
14898,13236
14902,2202
14903,8232
14906,19062
14916,17166
14922,18474
14926,24
14930,17784
14934,14952
14939,9222
14944,8250
14956,2334
14971,2592
14974,13032
14975,2214
14976,17022
14984,12786
14990,9432
15004,17262
15028,10254
15029,15792
15034,2994
15040,7776
15042,810
15056,10920
15058,15090
15059,4482
15067,6846
15074,17010
15075,402
15108,17964
15116,10416
15119,4818
15120,15570
15121,10518
15140,13098
15141,16158
15142,6264
15148,8280
15154,19398
15159,8538
15160,12516
15161,12936
15162,13884
15163,17658
15165,12888
15166,8052
15168,4044
15175,4638
15189,9540
15203,11370
15212,7320
15221,14316
15228,4404
15235,5196
15243,4626
15244,13290
15252,8844
15266,2742
15277,4434
15278,12762
15281,15684
15286,8904
15289,4320
15303,2982
15329,7416
15330,8466
15332,5826
15334,10326
15343,19122
15344,13938
15348,12384
15352,1722
15366,17616
15369,17304
15371,10614
15384,19758
15386,17928
15395,17718
15402,4560
15415,5688
15420,1092
15424,12438
15437,16674
15448,11982
15449,10980
15456,6030
15457,8424
15461,19524
15480,11004
15486,14790
15496,13896
15497,8436
15499,15492
15500,8820
15502,498
15508,3264
15510,4716
15512,14430
15521,16170
15523,16050
15524,348
15539,1668
15541,5772
15545,9882
15554,19470
15573,17766
15575,8838
15580,1836
15586,1788
15589,16458
15590,15786
15598,13992
15602,4596
15618,7608
15619,19680
15625,570
15627,17688
15628,17808
15630,18768
15637,1458
15638,9690
15657,654
15667,11802
15673,13506
15677,1602
15685,14172
15691,18648
15694,2064
15702,4812
15704,9402
15705,7374
15707,6240
15708,17622
15709,8526
15712,12744
15718,11682
15727,8178
15731,5844
15740,17634
15741,2970
15749,12006
15755,15258
15769,10134
15771,14862
15787,9618
15790,2424
15809,198
15815,16902
15820,2226
15821,7548
15823,522
15827,14304
15833,1290
15834,2286
15836,13368
15849,16488
15851,15942
15857,180
15867,8484
15871,6708
15872,450
15873,8490
15897,16758
15898,2796
15899,19752
15914,7392
15919,5640
15926,12222
15932,14082
15957,14412
15965,18732
15986,13122
15997,4668
16001,11886
16012,6690
16018,5358
16022,6180
16027,6282
16029,534
16037,6012
16049,7050
16051,14526
16060,15984
16069,10596
16072,4704
16074,2574
16088,5658
16095,9102
16103,10602
16110,14154
16112,15594
16122,396
16124,18162
16125,870
16126,19854
16127,19242
16131,5478
16136,3696
16144,6870
16154,1632
16159,7074
16162,8778
16170,7002
16184,30
16189,3102
16190,8226
16191,4680
16196,3042
16203,2688
16209,19068
16213,828
16215,6102
16223,3492
16224,10506
16225,18438
16228,19926
16230,1956
16233,252
16236,14034
16241,2394
16248,2328
16271,19452
16273,8652
16280,19302
16300,10956
16301,3360
16303,3606
16310,6246
16311,5778
16318,9072
16319,13776
16329,8478
16331,2406
16332,6636
16336,17124
16344,3294
16348,12960
16351,11064
16366,14454
16369,2556
16370,12816
16377,19158
16379,9378
16389,1740
16391,12876
16398,1848
16404,600
16406,13092
16409,6534
16410,17418
16417,9324
16424,15936
16430,15036
16440,17898
16447,18396
16453,7794
16457,15420
16460,16224
16471,7206
16476,13050
16489,17706
16507,7422
16512,1920
16523,11016
16525,12420
16526,19746
16533,17472
16535,6876
16542,13764
16547,17844
16555,6558
16564,2880
16571,13110
16573,16362
16578,2658
16585,594
16588,6606
16589,15216
16600,8208
16601,5520
16606,7326
16609,18900
16610,10554
16612,17364
16629,16572
16635,9570
16638,18342
16647,12234
16653,14598
16658,2070
16662,17886
16682,4662
16686,15024
16698,2886
16699,4770
16702,17316
16710,3336
16713,12456
16715,1248
16722,12918
16724,14100
16726,14574
16756,9330
16757,11388
16760,18390
16761,6162
16764,15720
16765,16314
16767,13248
16780,2364
16795,6738
16810,18216
16812,1014
16815,19824
16823,10944
16827,12042
16841,15834
16842,12084
16845,4524
16846,2778
16848,9396
16862,8670
16865,9348
16867,17958
16870,18096
16871,3672
16875,13530
16877,1038
16878,4146
16880,13854
16886,7938
16894,8790
16900,5412
16910,14496
16911,7014
16928,768
16933,17076
16936,10578
16939,4944
16943,5850
16944,12654
16952,6324
16965,7884
16971,15054
16980,12948
16986,15552
17007,18036
17014,12168
17020,15876
17022,7056
17025,17016
17026,756
17036,6360
17042,18678
17050,16218
17054,1002
17057,6450
17060,7482
17063,7638
17075,12510
17078,10350
17079,5766
17083,13692
17103,6822
17105,6312
17107,15702
17109,6906
17110,3222
17116,17274
17117,1404
17118,19488
17120,9060
17121,558
17155,18432
17162,16932
17169,9126
17189,4098
17205,13836
17219,6096
17223,936
17231,14556
17238,18714
17247,8160
17264,18924
17266,17130
17268,16476
17271,3600
17283,12546
17297,9132
17314,15600
17319,4008
17338,17034
17343,4182
17346,5706
17355,2850
17377,7806
17388,13164
17392,3894
17401,1968
17406,19332
17407,9630
17408,13908
17410,15888
17430,16854
17439,4470
17443,12726
17450,3558
17459,10092
17464,19698
17466,3420
17478,12894
17498,13308
17503,19140
17514,18156
17517,18804
17529,9474
17531,3072
17532,12144
17539,19272
17544,9174
17547,15282
17548,8808
17549,13398
17551,8166
17567,12360
17576,1026
17577,10230
17579,9336
17580,12720
17582,8358
17583,16698
17589,18132
17595,4506
17609,10758
17638,9774
17643,14886
17687,19476
17692,17796
17693,10698
17694,12396
17698,6168
17710,5856
17725,9246
17726,19860
17730,17586
17731,14664
17738,18108
17745,6588
17751,18888
17759,17028
17767,9456
17770,12120
17781,5448
17789,5370
17790,10674
17800,13956
17803,6294
17808,672
17819,5250
17825,11556
17826,7812
17831,14658
17843,8880
17848,918
17851,312
17863,10158
17865,17106
17875,9990
17878,9036
17880,888
17883,19896
17901,5316
17904,10722
17917,16482
17922,16140
17923,3810
17928,19620
17934,11760
17941,3540
17945,13476
17950,15528
17957,8334
17961,3018
17972,9030
17979,7248
17985,8988
17987,19044
17992,2640
18001,492
18005,6888
18007,17436
18016,7218
18024,10884
18029,5328
18032,5652
18034,10110
18046,17610
18050,1098
18051,6984
18064,17868
18070,4902
18076,18966
18080,3186
18081,2268
18084,4926
18085,10272
18090,16542
18109,18534
18111,12798
18112,16914
18113,4794
18117,19572
18125,6486
18141,13470
18145,8322
18148,4440
18151,7728
18177,7362
18191,5676
18195,17352
18202,18150
18203,13062
18218,15840
18232,4338
18234,13266
18236,14712
18241,1770
18250,5592
18273,9594
18277,1932
18283,4158
18287,5868
18293,19308
18299,7914
18300,6774
18305,456
18315,17604
18319,288
18320,7290
18321,8298
18322,4758
18325,17940
18330,16176
18331,8094
18334,7524
18338,13728
18339,16092
18343,14286
18347,378
18358,11472
18362,4824
18365,4992
18367,12846
18378,4920
18379,17328
18380,2814
18381,546
18390,16830
18401,3948
18409,5610
18411,15708
18417,15354
18425,6210
18442,14586
18446,14622
18450,14028
18459,13752
18468,17040
18469,9048
18470,17856
18474,17148
18478,12378
18479,10470
18480,8022
18489,11292
18502,4764
18504,12522
18513,16302
18515,2376
18517,10896
18530,15816
18535,7512
18540,15072
18544,13254
18547,15714
18549,19794
18552,10878
18558,3570
18559,19008
18563,2496
18571,7026
18573,11382
18576,8442
18578,7788
18580,10104
18583,5532
18587,15378
18595,8148
18596,12060
18603,14946
18605,11454
18610,12732
18614,204
18623,16638
18634,8286
18644,10476
18648,8040
18649,10392
18652,15660
18655,5898
18659,11052
18660,11172
18665,16254
18675,10014
18676,9510
18688,11340
18700,4122
18705,13980
18708,1782
18711,9780
18717,15384
18724,6834
18732,6672
18735,11010
18737,17988
18738,14328
18748,14016
18751,17838
18753,15846
18754,11550
18760,12090
18764,3864
18770,14940
18784,186
18787,5442
18801,7284
18809,2004
18812,2454
18821,17064
18824,5562
18834,7488
18843,8454
18848,18384
18856,12714
18872,10926
18887,1170
18888,126
18899,16734
18904,6528
18918,14874
18923,18414
18930,14694
18934,3792
18946,774
18951,12780
18952,12354
18970,18936
18974,10020
18975,9924
18982,11976
18988,10752
18995,19020
19002,11202
19004,66
19005,3378
19006,13332
19014,5418
19018,12390
19020,5400
19031,11346
19032,7128
19043,3768
19044,16236
19046,3474
19053,12462
19055,19110
19064,8598
19065,19692
19066,9018
19068,18126
19071,9876
19094,11490
19100,12804
19107,2490
19110,11076
19111,7302
19112,14340
19133,2952
19149,3066
19153,330
19155,1302
19163,7008
19185,11106
19187,4494
19189,17208
19191,19632
19212,3372
19216,6216
19219,4056
19223,2508
19225,2124
19230,8382
19231,858
19232,5136
19237,16470
19257,10410
19258,11796
19268,2190
19270,1800
19281,2058
19285,6594
19287,12282
19289,2748
19292,10122
19303,8772
19314,3342
19319,14808
19323,16326
19324,1044
19326,16116
19335,1986
19344,3576
19351,11166
19354,12942
19356,2598
19365,16518
19369,13350
19371,15288
19372,16500
19378,7350
19384,14280
19385,13068
19386,906
19388,7134
19394,13080
19395,11082
19396,3834
19401,18030
19405,2382
19407,17508
19408,9558
19420,7656
19421,8028
19426,11250
19430,6750
19432,12498
19433,12366
19435,17160
19436,1374
19439,8520
19442,11538
19447,9024
19452,6408
19455,12594
19458,16272
19462,14418
19467,17496
19471,15576
19472,9438
19475,8886
19488,10206
19500,1872
19505,6414
19508,666
19510,11784
19515,2898
19517,10530
19526,11808
19529,18168
19533,14388
19534,1620
19542,18330
19543,13374
19547,282
19550,8832
19553,11310
19555,5160
19560,90
19574,12336
19578,792
19583,15546
19589,10428
19593,5070
19602,3534
19603,12294
19609,19908
19612,15732
19617,19512
19638,16008
19639,19104
19640,15408
19653,14136
19658,16530
19665,9180
19672,3462
19678,10962
19693,2472
19694,3204
19696,5154
19697,3450
19699,16650
19701,2448
19705,13818
19707,6654
19710,11094
19712,11460
19718,18750
19725,18048
19727,14502
19736,16344
19738,18084
19743,17088
19744,3252
19752,8724
19757,15564
19763,19614
19767,13386
19773,19650
19777,10098
19779,17280
19783,8754
19786,1746
19787,1518
19788,6192
19792,6306
19793,15366
19798,14748
19801,2052
19806,1686
19809,3168
19816,1350
19825,19032
19832,2484
19841,852
19864,18504
19866,10170
19868,18816
19876,8760
19878,9228
19881,16860
19885,3510
19892,4086
19896,11364
19897,10128
19907,13380
19918,18480
19923,4224
19929,13926
19945,8058
19948,14196
19950,11424
19957,5148
19958,2166
19961,10626
19962,14700
19971,6732
19972,1776
19974,5994
19984,18660
19989,13578
19990,10824
