6 3
1.7
6.601 10.288 1.031
0.297 0.271 9.421
9.205 9.437 7.814
13.706 15.878 4.123
15.678 3.945 6.924
3.951 23.880 0.588
8.880 10.917 12.161
10.684 5.325 6.917
2.446 3.868 6.303
5.342 11.190 0.012
4.550 7.464 1.526
11.412 7.033 5.061
0.897 3.942 10.626
0.658 3.525 0.342
1.706 5.674 11.454
15.584 15.472 9.940
4.139 2.417 18.425
2.279 11.350 3.181
24.440 4.077 0.377
6.473 13.562 0.906
1.682 12.760 9.472
8.305 2.094 16.743
14.296 8.264 8.502
9.175 10.010 11.785
1.151 15.606 8.486
0.402 5.364 1.297
1.733 29.296 5.715
10.127 4.330 6.230
0.370 7.172 5.049
2.241 1.074 18.283
19.341 6.047 0.662
11.273 5.659 8.062
15.868 1.107 11.234
6.832 11.337 10.163
19.873 5.975 10.616
5.648 0.615 6.980
10.519 9.725 31.694
2.586 5.874 6.746
23.948 3.564 3.175
20.968 7.758 16.669
2.711 6.038 2.883
5.080 4.643 16.760
5.432 4.535 0.987
10.367 4.788 9.793
10.418 7.943 0.277
11.603 4.560 12.437
5.398 13.290 7.691
7.977 2.167 12.294
1.482 4.326 3.260
8.782 3.162 19.349
15.097 10.583 5.762
6.696 19.398 6.826
5.014 11.247 7.141
0.775 3.611 8.446
4.094 5.043 21.918
6.378 10.350 3.558
9.162 2.773 0.152
17.659 4.302 3.162
9.329 0.905 12.922
15.525 7.524 19.304
6.141 15.009 15.837
2.906 3.287 19.126
5.505 10.353 9.328
7.164 5.801 13.841
4.233 2.724 18.110
30.998 3.811 8.555
14.988 6.079 14.689
0.651 2.687 10.852
14.375 8.343 3.843
6.185 8.130 0.215
1.713 17.797 9.029
2.330 15.239 2.364
26.697 1.131 8.638
13.164 17.061 14.912
5.609 1.418 6.538
7.342 3.681 6.452
36.783 8.192 1.921
7.959 12.106 23.415
3.226 1.231 0.952
2.416 6.610 0.479
26.030 9.919 2.001
17.523 2.530 13.643
3.927 21.496 3.466
18.320 4.232 7.914
11.181 0.650 7.392
19.814 1.042 11.450
7.164 4.117 11.196
5.282 1.305 4.053
1.275 8.254 9.362
7.387 10.875 7.928
8.231 12.020 9.109
9.361 13.130 12.155
9.334 5.841 14.098
6.189 15.692 7.803
3.781 0.693 3.186
6.739 5.166 6.528
3.517 0.305 5.153
13.529 9.001 4.121
9.125 12.845 10.262
3.438 3.409 9.565
1.122 13.072 3.273
4.995 6.468 1.043
0.741 14.110 11.248
23.820 2.779 4.470
1.386 18.521 4.346
29.357 4.521 7.321
0.810 8.518 2.280
4.543 13.429 4.020
18.450 27.383 1.640
9.483 15.469 2.448
14.742 3.235 4.250
21.251 6.580 2.622
9.106 10.372 1.979
0.131 9.179 10.662
8.642 3.548 9.024
36.406 9.068 14.745
16.827 1.529 13.144
5.912 2.610 7.404
10.086 3.017 8.504
0.928 7.363 0.460
4.703 3.806 3.910
11.361 0.016 3.446
1.110 18.866 3.349
6.836 8.391 13.750
16.158 8.189 5.189
5.546 19.638 22.069
1.521 3.286 6.835
9.787 7.037 11.702
3.082 18.743 9.951
1.500 0.531 12.970
1.275 2.926 4.898
11.923 1.732 6.150
11.627 0.210 0.300
5.888 14.771 15.948
9.183 4.051 5.317
17.129 1.757 8.052
7.186 9.438 3.135
10.037 6.290 11.855
2.601 8.564 11.930
8.851 6.672 8.982
11.157 0.112 13.509
14.247 1.534 12.928
3.481 5.932 6.350
19.025 8.718 0.455
7.978 8.468 14.061
2.764 10.490 15.993
4.518 10.785 13.089
2.720 8.408 18.681
6.385 2.070 7.330
7.116 18.406 8.215
4.016 1.387 9.867
8.982 3.614 6.758
4.803 25.624 6.012
15.657 0.671 9.350
3.130 9.006 1.868
8.396 0.412 4.058
10.982 7.177 18.861
0.102 6.004 14.155
3.885 2.335 4.267
12.303 25.743 2.313
16.670 23.762 14.836
10.058 4.839 10.458
1.198 0.495 5.041
3.629 4.100 5.081
0.539 1.221 0.503
5.045 2.768 4.749
3.449 5.843 2.060
8.361 7.337 4.450
17.411 0.593 1.624
7.331 8.670 14.208
5.354 2.783 4.723
5.371 13.811 3.932
1.464 5.121 8.189
4.844 4.249 7.177
3.175 14.885 0.685
14.434 16.128 20.146
6.486 4.693 6.938
3.911 12.113 1.839
2.466 5.835 6.385
7.307 5.029 15.637
2.664 4.077 4.967
6.768 8.700 18.261
6.917 3.821 16.875
8.733 4.596 5.693
7.614 17.317 6.373
1.906 5.275 17.420
5.260 22.472 0.653
13.942 0.289 7.744
5.602 7.963 17.618
1.584 14.933 8.000
5.806 3.444 6.303
6.557 2.226 2.544
7.805 4.448 12.443
10.503 10.041 20.402
16.597 3.856 14.103
0.445 3.180 16.713
15.575 24.803 14.444
7.021 10.562 2.319
3.367 5.959 3.024
7.043 2.896 0.606
3.280 5.352 13.229
0.457 6.384 0.936
26.734 14.542 5.918
1.076 6.786 1.044
8.674 21.186 22.701
8.806 2.083 2.395
5.563 8.904 1.760
8.072 7.433 3.859
2.979 4.318 6.155
14.022 8.992 9.348
8.866 15.385 6.784
0.076 7.776 0.998
21.751 2.526 9.444
3.547 20.324 2.784
14.904 8.955 9.579
15.845 10.683 6.491
3.280 2.115 8.581
10.403 8.283 12.172
0.636 13.329 7.138
3.060 7.153 4.876
6.513 15.194 5.639
8.832 6.585 0.776
0.170 7.215 1.212
4.796 5.833 3.654
11.191 5.684 1.312
3.188 2.543 3.305
16.469 14.736 10.802
6.560 0.618 13.008
10.028 14.756 3.415
9.323 9.939 1.068
2.859 3.643 9.168
27.167 15.266 9.702
9.045 1.661 6.623
9.179 7.958 1.307
9.871 25.248 3.126
2.869 14.614 5.959
0.100 7.985 1.698
10.457 1.573 3.906
23.418 6.982 14.495
22.273 11.257 4.603
16.785 0.753 6.757
9.447 16.294 11.329
23.515 8.397 12.009
5.380 9.487 9.399
2.368 8.655 13.215
10.404 10.224 2.447
4.952 15.689 12.202
14.225 16.221 9.194
8.422 9.440 2.161
3.197 10.214 11.481
5.654 1.416 1.835
1.854 9.015 11.781
1.376 2.397 18.842
0.435 7.781 2.760
7.256 6.626 8.431
19.718 0.838 2.098
4.077 10.442 25.783
1.436 2.453 11.018
11.149 1.353 12.714
7.322 16.930 10.313
6.129 5.884 4.897
1.626 1.903 9.094
10.545 1.572 0.979
3.541 8.251 16.536
4.169 5.864 7.197
1.504 5.183 23.185
7.996 14.222 8.336
0.516 0.092 14.216
11.813 2.085 9.122
8.806 15.947 1.366
3.340 0.544 10.876
17.348 15.206 18.894
9.844 15.382 6.934
12.522 5.018 6.466
0.725 11.045 10.759
3.007 15.864 1.680
3.929 3.117 9.405
5.465 6.008 9.989
26.033 7.254 20.458
9.324 1.837 0.161
4.405 6.078 10.167
4.942 19.756 13.203
17.963 9.039 4.594
2.092 13.299 7.908
18.560 23.131 22.998
0.401 6.063 11.817
8.348 9.316 6.192
9.095 6.029 1.594
5.242 5.396 24.794
7.119 13.111 15.325
1.488 11.184 5.317
7.224 4.278 7.068
1.458 1.521 30.110
7.908 12.753 0.229
4.915 1.979 10.878
14.072 2.645 12.326
11.369 1.316 9.210
2.322 3.682 0.428
3.717 28.272 5.044
4.817 3.877 2.412
7.994 11.507 1.562
5.548 1.075 3.426
0.568 1.377 12.636
15.972 1.691 16.832
13.310 2.713 10.930
1.956 19.361 1.547
5.303 6.370 4.478
8.412 0.855 2.731
10.914 25.087 12.104
12.608 2.755 10.313
8.236 6.247 1.296
3.220 16.182 11.489
0.288 7.624 13.072
2.862 6.867 14.612
4.145 0.477 1.522
5.099 16.913 10.120
11.975 4.045 6.508
7.878 14.536 13.979
10.641 10.364 22.928
14.508 0.687 12.727
6.566 4.460 12.073
2.777 6.387 9.698
4.872 12.907 7.714
1.297 8.488 10.451
10.618 4.231 12.881
7.512 0.173 1.297
0.346 9.532 14.226
6.536 2.479 27.046
15.262 12.741 3.362
8.601 6.007 5.103
18.670 12.203 7.207
0.039 3.681 2.588
3.713 7.157 1.081
0.473 12.439 7.150
3.169 4.271 2.558
8.695 1.345 6.779
0.878 1.881 8.837
12.548 10.669 9.621
6.119 17.375 5.381
17.376 0.718 14.940
0.318 9.516 5.270
5.837 8.779 5.478
5.331 8.522 4.488
7.649 13.712 8.917
8.483 14.646 16.767
11.660 13.965 9.207
13.819 13.299 19.188
4.682 11.329 7.030
3.132 0.620 8.438
3.926 6.102 1.171
13.102 1.482 13.542
11.327 2.097 5.949
1.594 18.118 10.577
10.451 17.535 12.472
8.773 3.771 0.267
8.896 10.148 2.405
2.827 2.501 5.824
0.149 2.548 6.492
6.985 7.559 12.102
23.408 3.646 8.974
13.744 8.504 0.443
4.083 8.220 2.062
0.669 30.728 12.696
7.022 1.590 15.200
2.070 1.222 16.083
0.058 6.057 4.152
3.697 11.689 0.089
3.808 7.494 4.012
2.685 3.502 2.564
2.502 10.016 15.615
17.354 2.054 8.949
12.819 3.627 16.158
15.482 1.354 20.845
8.310 0.438 8.828
6.325 0.235 3.002
2.908 4.757 9.382
4.469 0.891 31.159
6.988 7.807 2.183
0.573 6.427 3.561
16.347 10.147 4.294
6.023 4.381 10.719
3.322 13.372 1.486
4.971 0.481 3.463
8.888 6.317 3.861
7.088 8.804 14.208
12.195 12.386 8.416
5.228 8.724 28.332
13.946 12.270 1.812
2.716 2.298 20.801
8.376 19.352 5.390
16.567 5.909 1.510
10.289 8.065 5.198
4.605 11.425 8.263
0.634 10.945 14.585
5.185 8.860 19.153
1.874 5.344 16.893
12.779 12.528 3.472
11.155 19.280 11.782
1.337 13.586 9.625
10.326 3.587 11.484
5.329 5.859 5.495
7.316 1.152 23.644
12.099 6.839 4.201
6.803 8.206 1.104
8.003 13.468 18.332
4.474 4.370 11.799
7.846 0.355 15.701
2.640 11.860 18.040
12.489 2.502 9.688
6.558 6.973 13.634
15.316 2.560 3.374
2.810 0.665 3.072
14.133 8.516 14.055
7.408 10.338 0.290
12.850 9.749 1.758
5.326 2.643 3.769
7.014 11.096 6.696
0.418 3.352 9.945
1.903 3.772 2.920
7.597 9.132 6.302
18.544 5.481 14.173
9.791 0.733 4.262
5.535 0.754 14.130
2.026 14.824 2.015
10.147 9.314 12.879
5.658 0.566 5.473
4.104 27.989 12.713
15.174 14.100 4.299
15.532 5.770 9.387
4.554 12.657 7.574
5.312 12.881 1.155
7.013 15.367 7.352
22.545 10.270 1.377
4.559 15.486 0.789
4.192 11.180 7.262
1.543 11.975 4.001
13.371 2.981 5.775
6.371 11.750 7.146
1.143 3.723 2.684
10.988 14.142 14.013
12.506 4.791 7.524
4.226 18.502 5.090
9.452 1.720 1.253
10.783 3.011 4.456
21.233 3.834 13.798
15.867 3.901 20.679
5.300 15.180 5.291
11.934 9.615 6.634
0.228 7.409 3.467
10.362 11.612 16.758
11.362 2.482 21.390
11.613 0.019 6.904
7.837 0.445 9.458
24.124 10.896 15.536
10.000 15.396 14.582
6.445 6.884 10.155
3.195 12.255 9.257
1.485 5.060 10.626
9.367 8.646 8.304
22.915 7.872 0.943
6.731 7.585 7.023
5.962 15.967 6.991
21.429 32.368 8.528
0.642 8.028 7.197
19.241 4.012 2.411
12.132 5.086 13.411
0.943 3.833 3.264
7.530 6.663 5.659
7.552 11.720 6.802
11.150 1.178 5.967
11.262 3.401 12.362
6.966 4.194 6.436
2.261 10.534 6.654
8.101 4.811 3.659
0.859 13.897 1.173
4.820 4.934 15.934
10.117 22.543 0.669
2.251 9.981 5.474
5.419 8.050 13.342
2.582 4.399 3.235
1.647 20.687 6.517
20.843 20.961 3.693
9.658 2.870 8.480
0.189 13.122 0.450
1.316 6.736 9.654
6.832 11.054 18.474
5.135 15.137 13.909
0.567 7.417 14.498
2.268 1.398 7.244
10.173 21.013 12.099
0.701 18.200 6.792
16.034 9.601 6.886
13.441 22.699 5.444
2.614 12.454 10.713
10.871 17.445 7.102
0.941 0.025 7.615
0.845 5.964 0.162
6.138 7.876 1.995
8.547 1.752 12.888
5.300 15.924 11.820
7.467 0.272 2.213
3.994 10.440 18.545
2.304 8.738 2.134
5.478 9.159 1.914
10.502 6.150 6.665
5.295 17.508 10.708
14.769 3.323 3.133
4.005 10.477 14.953
3.020 11.405 4.039
0.815 1.951 1.177
10.254 2.656 13.253
13.288 1.335 2.098
5.402 5.651 1.422
0.491 7.955 10.932
4.846 14.038 5.148
4.844 14.943 3.103
3.369 2.862 13.098
20.923 16.334 7.986
0.784 1.948 12.654
5.203 6.206 5.023
17.065 4.562 9.681
12.504 3.304 9.065
1.715 3.597 5.840
0.680 4.818 6.553
5.693 9.458 11.531
5.619 3.971 7.518
27.358 16.809 1.758
10.422 13.777 2.315
15.762 13.335 4.503
8.474 3.149 11.799
9.266 5.618 8.228
0.722 8.861 12.845
13.112 11.780 2.226
13.261 2.715 3.400
8.750 10.884 12.277
19.759 13.862 8.912
5.485 9.606 14.169
4.295 1.111 3.887
1.847 4.614 10.335
9.526 1.203 4.302
2.660 10.944 7.867
6.647 21.309 4.959
4.026 1.112 8.687
29.509 0.926 5.678
4.185 8.300 3.007
3.182 6.499 5.128
1.476 7.302 2.364
5.537 12.228 9.061
5.938 7.913 6.270
4.834 15.757 12.636
0.142 6.155 4.363
7.122 21.485 10.180
15.898 4.464 9.715
6.159 2.551 5.587
1.245 18.862 1.449
0.857 8.992 30.878
8.693 6.577 3.240
24.594 8.495 2.326
6.291 1.227 5.832
6.931 0.515 15.268
0.117 3.262 5.088
12.311 3.450 1.935
2.574 20.245 7.408
14.321 8.312 1.790
19.965 1.997 10.090
22.738 18.313 11.858
0.405 0.975 6.395
0.774 3.241 6.893
19.664 13.299 8.462
6.409 8.616 2.674
0.332 2.289 11.472
1.071 8.203 8.018
15.070 22.450 1.573
9.049 6.253 1.915
19.025 9.854 2.734
7.167 3.802 7.813
8.011 5.322 4.560
9.803 0.770 1.829
2.602 4.424 21.402
3.400 10.852 14.451
4.837 0.918 17.797
6.762 2.962 5.269
4.165 9.686 5.547
1.090 22.303 6.516
9.460 7.279 1.526
0.477 7.210 5.360
20.602 4.505 7.968
2.511 7.405 2.031
12.489 2.512 9.472
8.028 3.931 6.419
1.025 4.905 9.957
7.673 8.874 14.072
3.852 0.093 3.312
0.742 0.571 9.377
13.745 8.626 2.359
20.431 8.994 8.052
1.192 19.043 11.438
3.633 9.073 7.801
7.119 12.872 0.613
9.915 7.561 3.213
12.340 18.232 2.735
6.582 0.306 1.895
4.860 7.492 11.100
0.840 0.407 12.894
6.503 3.698 9.036
5.278 14.393 9.035
1.485 13.234 8.074
11.000 12.416 7.276
2.566 13.277 24.032
4.624 6.595 16.610
7.323 27.536 10.048
2.084 18.254 4.761
6.967 13.938 12.719
2.805 0.492 6.864
7.951 4.444 4.735
4.885 5.002 8.814
11.957 4.197 1.002
4.114 6.249 1.672
11.057 4.763 3.173
14.508 2.814 4.361
8.710 21.269 5.306
2.953 0.983 16.360
17.187 5.328 11.029
6.418 6.900 16.741
7.884 4.662 10.502
2.467 4.937 3.122
3.295 5.003 8.931
0.006 2.535 2.462
8.922 2.482 0.133
6.600 6.196 10.295
5.205 6.519 0.961
7.940 5.672 4.618
7.265 2.851 19.793
9.836 11.469 1.753
21.333 7.174 9.185
9.196 2.485 4.832
15.189 4.481 12.127
11.327 0.151 18.379
8.245 4.878 18.216
9.432 4.176 13.182
17.929 10.986 7.465
9.655 3.361 3.370
12.593 5.477 10.250
10.259 12.134 13.081
5.114 16.217 5.426
1.660 12.239 2.639
1.800 5.516 3.290
27.285 11.143 14.050
4.435 0.740 17.218
2.896 12.467 3.872
18.191 5.039 0.214
2.194 0.420 17.454
5.135 0.447 5.100
9.704 7.014 0.177
4.775 16.087 6.177
2.439 3.593 14.197
6.646 7.179 6.032
0.560 2.831 6.547
9.973 8.847 5.332
8.389 0.276 9.376
11.306 13.789 0.315
9.901 17.525 4.206
13.722 26.938 8.275
1.001 0.971 2.610
6.954 10.461 8.991
7.464 4.591 1.558
0.563 6.522 2.883
10.122 3.404 5.287
9.683 4.084 7.549
19.064 6.831 6.671
9.766 12.482 10.690
0.524 10.783 8.598
12.235 4.656 3.786
2.861 14.493 4.683
7.012 12.607 14.397
9.546 11.833 8.162
0.577 0.453 16.957
2.989 4.331 11.096
0.213 1.120 9.056
16.922 5.621 6.196
2.456 1.411 7.565
21.114 2.240 5.488
10.396 14.025 3.638
12.362 9.536 15.859
5.121 1.134 6.352
18.179 15.061 5.653
0.320 5.783 11.064
12.224 2.715 3.389
10.415 1.303 15.721
0.665 1.810 0.707
9.754 13.304 2.255
16.482 3.196 18.268
3.037 11.140 9.801
3.299 7.503 8.752
3.821 16.511 0.298
12.546 3.149 12.294
2.512 15.896 7.337
9.397 26.524 11.317
4.183 13.039 11.338
7.116 9.870 3.062
3.123 1.945 3.770
19.241 28.473 20.399
8.494 11.833 10.486
3.798 0.557 14.372
16.719 8.826 12.231
1.496 1.578 16.954
1.363 22.399 11.180
1.601 3.898 0.414
14.867 1.557 8.675
6.103 11.853 10.557
10.849 3.339 5.673
9.722 16.068 11.972
20.950 1.330 3.617
0.266 18.189 3.616
25.422 4.374 6.558
3.730 0.966 0.957
7.113 6.403 17.307
14.736 9.128 7.983
7.232 6.853 16.335
5.320 2.899 12.733
16.085 7.518 28.996
0.727 7.092 1.853
2.263 9.914 9.030
9.504 2.836 14.111
4.937 13.986 19.832
22.292 1.520 6.391
5.565 9.419 0.612
14.870 24.554 11.369
2.290 4.072 4.419
3.143 6.257 16.548
8.625 1.301 4.456
5.677 5.299 2.156
8.761 3.229 8.532
3.305 1.424 22.321
4.388 0.552 16.613
21.501 4.551 6.542
14.242 4.238 14.968
6.800 3.328 29.004
9.447 12.998 4.197
6.634 18.650 6.066
0.184 2.809 14.596
11.784 4.764 14.784
5.308 1.825 0.778
3.769 0.624 4.078
15.255 8.550 6.654
15.472 6.576 1.394
1.905 0.146 7.473
12.818 19.064 1.487
5.979 2.544 14.464
2.252 1.076 3.043
9.858 22.372 16.782
14.777 5.816 1.622
9.307 10.650 6.938
16.345 12.935 1.481
5.210 4.567 4.396
11.479 6.224 14.236
11.909 6.891 11.499
0.155 18.327 3.758
0.698 9.674 3.412
6.997 8.963 1.882
13.052 11.623 2.720
29.162 10.971 11.377
7.492 5.025 22.125
9.985 2.501 6.356
12.869 7.407 11.261
1.752 13.978 3.586
2.792 12.429 19.639
12.803 9.585 2.701
2.698 13.376 4.016
3.116 12.904 21.666
2.625 4.195 10.359
2.469 2.454 6.056
12.922 3.398 25.301
3.218 3.581 10.651
6.990 15.929 4.739
7.336 7.735 3.355
15.822 8.643 5.269
11.622 15.102 6.190
11.829 1.338 7.593
2.977 1.016 5.105
4.286 19.454 3.194
0.514 4.677 15.096
7.678 8.806 15.433
10.443 1.484 6.559
9.209 4.497 9.394
3.047 8.662 8.401
0.171 6.552 3.775
8.575 8.691 1.886
13.920 8.025 16.771
2.866 7.712 3.385
6.260 22.572 22.130
10.020 17.497 7.680
11.033 4.540 4.581
3.066 3.118 2.009
7.912 9.498 0.124
10.980 17.977 6.590
5.244 7.569 5.212
9.826 3.542 7.272
2.315 1.674 0.285
6.127 13.279 6.513
2.169 10.586 1.783
5.880 9.073 0.144
15.227 7.712 7.740
14.637 13.452 0.365
7.752 2.521 6.902
9.520 5.237 19.030
14.389 1.912 9.733
2.220 4.724 9.432
2.293 0.219 4.194
4.415 6.069 17.250
5.221 1.607 8.290
22.627 14.633 1.349
12.595 4.788 26.621
9.778 18.568 7.135
4.773 0.368 13.185
12.239 3.455 4.603
14.593 10.565 3.252
13.168 0.379 1.125
3.111 8.962 25.215
17.166 2.168 9.033
6.613 4.643 23.576
7.252 21.115 6.706
0.660 7.669 16.662
1.540 20.438 8.287
7.920 21.861 3.188
15.248 2.612 1.960
5.435 3.009 3.456
8.458 6.408 8.160
8.609 4.721 22.767
0.618 2.818 17.995
8.410 2.146 0.833
5.545 4.384 11.977
15.786 7.707 5.732
4.289 21.540 10.341
4.518 2.393 3.311
13.993 24.053 1.699
8.851 27.437 4.145
8.616 3.982 0.451
3.367 0.236 7.352
20.895 5.061 1.347
12.437 2.019 14.018
3.853 2.245 14.029
12.556 1.932 6.738
8.969 7.812 20.673
10.788 6.606 3.790
2.940 5.166 2.413
8.546 0.793 1.025
0.823 14.818 3.183
11.460 0.385 5.412
5.014 20.052 14.376
3.227 12.244 9.960
9.093 5.335 1.456
1.988 4.983 9.291
4.055 4.030 6.949
2.132 1.836 12.489
2.952 8.397 3.497
20.162 2.841 3.090
10.241 19.084 7.196
9.876 11.973 1.006
6.610 17.314 6.916
17.128 12.974 8.793
8.514 1.347 33.953
12.849 4.522 7.715
12.356 19.869 1.899
5.298 25.331 3.220
14.809 8.759 12.339
12.523 1.947 5.073
10.550 3.299 5.346
6.136 12.948 1.116
1.896 8.800 4.737
11.185 16.231 4.590
9.611 0.064 4.935
17.791 0.095 5.181
2.689 13.986 9.300
0.459 12.410 6.112
10.650 3.466 0.305
10.964 13.312 8.122
5.059 0.742 8.734
8.592 17.770 4.805
15.778 8.540 4.295
17.477 17.688 3.126
5.898 19.397 12.439
2.350 1.503 8.868
11.882 4.810 17.194
13.608 13.413 11.463
12.512 1.191 1.138
11.878 5.303 4.266
2.194 19.440 8.750
7.292 6.014 7.933
1.487 19.596 26.431
8.697 7.214 3.857
3.057 8.606 0.127
1.197 6.140 1.788
9.444 5.293 5.060
2.059 9.532 1.526
8.464 13.592 4.334
12.774 4.345 15.443
4.518 5.716 15.813
0.785 3.731 2.090
5.365 1.023 9.025
2.512 0.992 2.918
5.766 12.615 1.778
18.228 4.747 4.605
3.339 5.894 10.980
6.490 1.270 1.508
0.647 4.314 3.288
13.736 8.426 11.418
0.588 5.261 5.195
9.504 17.884 12.699
15.801 15.494 4.707
29.724 6.731 4.930
12.102 0.361 6.702
3.810 2.640 14.735
16.064 2.393 13.633
4.733 5.135 9.493
18.102 1.147 3.540
2.265 4.781 8.350
4.993 1.297 14.806
9.453 19.483 23.887
1.732 9.515 0.880
22.612 19.817 13.232
18.188 9.952 3.189
9.713 12.376 16.849
2.182 1.495 0.460
4.412 4.969 3.798
0.388 21.627 11.370
2.743 2.967 16.629
11.111 29.375 10.187
3.697 1.269 0.917
3.399 0.601 15.407
9.662 11.728 5.976
20.278 12.929 2.290
7.801 1.303 6.476
7.752 3.710 1.048
1.926 14.220 3.855
12.741 4.414 0.388
18.981 10.075 9.880
7.618 3.364 5.225
19.030 7.268 0.153
13.121 15.387 3.022
18.046 15.299 0.580
7.172 6.182 1.439
15.348 9.189 16.369
1.098 11.344 13.676
14.036 0.029 3.829
8.313 2.059 4.501
14.673 19.725 0.408
4.132 11.751 6.390
3.446 0.461 11.126
8.201 4.275 4.841
12.472 6.356 20.070
4.197 6.694 2.375
4.238 12.525 17.038
1.708 9.566 21.736
2.338 3.061 16.351
1.409 3.225 0.478
19.797 11.516 1.765
5.137 12.511 3.016
7.387 4.213 2.858
5.607 7.076 7.043
8.755 0.730 1.532
24.628 2.556 11.107
0.667 7.574 9.357
3.943 11.103 1.516
5.680 5.509 13.851
4.109 10.563 5.947
7.507 4.434 13.095
3.281 8.620 6.395
15.176 0.095 4.360
11.387 12.661 1.052
1.876 2.994 7.991
12.873 17.594 1.580
6.947 1.344 19.827
15.491 27.426 8.072
1.438 11.318 3.039
0.851 8.835 4.483
6.039 24.330 10.810
21.618 9.500 11.453
15.957 5.412 12.102
12.233 7.304 5.158
8.338 0.620 4.415
19.640 17.003 6.461
13.352 3.151 11.375
1.805 4.316 5.938
5.536 3.935 15.239
12.339 1.055 5.840
7.449 1.003 9.077
1.719 6.854 1.742
1.484 6.531 12.155
17.098 1.484 8.123
2.385 12.896 11.821
0.771 3.142 15.753
11.459 10.734 1.685
9.133 23.825 1.870
7.706 17.981 5.904
2.049 5.547 7.037
2.777 2.858 1.050
8.245 5.047 4.265
5.543 3.210 2.897
9.855 14.216 9.111
2.211 5.216 10.788
23.317 0.734 9.626
14.622 6.481 1.653
0.125 5.446 5.715
1.198 5.315 11.718
1.736 8.986 3.719
8.464 12.440 8.332
3.605 11.720 14.710
0.489 3.674 7.934
5.950 13.220 2.674
6.243 0.148 5.944
2.495 12.370 2.998
3.800 11.642 15.698
4.439 12.656 4.693
5.077 5.306 10.938
7.218 13.400 13.800
4.669 14.061 1.219
17.386 9.258 12.638
0.765 26.203 4.575
8.200 8.408 5.141
3.130 0.657 12.329
0.367 17.447 4.750
6.051 0.455 12.663
7.478 4.732 9.193
7.690 3.725 4.051
8.514 2.572 3.160
19.296 16.018 2.275
0.263 4.610 2.759
4.977 1.826 7.825
1.566 12.092 12.372
21.631 7.543 15.203
3.002 6.088 4.981
14.769 16.821 14.408
1.341 3.740 19.242
3.013 10.401 12.231
5.664 8.197 15.413
4.051 1.452 10.972
14.930 2.927 6.304
7.570 0.212 3.098
7.392 0.882 8.341
11.245 23.284 0.434
2.513 7.811 1.690
1.416 11.663 13.720
8.668 11.255 0.780
13.467 9.499 10.681
0.578 9.705 3.134
2.707 3.858 13.004
18.302 0.065 6.688
12.150 11.461 5.553
0.165 5.220 7.049
9.268 8.928 0.498
8.830 3.730 7.107
6.406 5.022 6.918
13.990 6.955 7.102
14.982 8.236 9.451
13.383 3.348 3.273
4.023 2.148 7.261
6.165 3.453 10.504
11.680 5.765 0.642
4.032 4.158 7.336
5.540 24.311 2.344
14.581 2.662 3.444
9.009 8.716 16.611
6.578 2.946 7.685
10.062 7.877 3.982
12.642 0.532 17.607
9.212 4.222 0.761
11.139 8.330 5.502
3.516 3.223 9.639
5.242 3.342 12.876
11.700 2.988 1.997
2.208 15.219 16.737
2.697 12.878 22.202
4.099 8.195 11.887
0.319 1.799 13.440
7.634 7.226 3.240
4.745 1.832 12.015
7.757 1.866 4.404
6.169 0.883 14.152
9.613 8.014 9.809
9.999 0.666 0.236
0.213 24.075 23.078
16.388 0.348 3.904
4.565 6.825 4.046
20.823 6.514 0.431
5.686 12.324 12.056
2.859 5.586 5.864
5.015 9.453 0.226
6.026 11.091 3.118
8.443 14.479 7.139
10.905 3.980 4.116
5.002 11.795 6.326
4.214 9.326 16.466
3.447 7.642 6.051
0.416 7.160 7.501
13.962 19.680 6.288
14.884 4.278 6.763
1.658 1.982 2.571
3.474 11.334 8.265
3.212 8.809 3.521
1.765 7.792 7.838
14.488 8.998 10.091
6.215 4.101 8.884
5.293 2.915 10.406
6.444 10.980 4.015
3.956 17.363 0.378
16.438 20.588 6.140
14.663 1.615 9.687
4.989 10.791 10.980
0.635 15.731 22.666
5.432 1.470 10.380
9.415 3.327 9.544
3.502 10.474 11.767
0.514 2.010 4.717
0.106 17.880 14.363
11.499 2.752 16.586
12.637 0.490 12.822
4.890 1.104 5.771
20.489 5.218 36.550
15.096 13.113 3.494
7.694 14.346 4.695
12.567 15.005 4.371
5.756 1.359 10.944
4.850 0.793 1.157
5.403 7.697 3.027
2.925 6.816 8.360
7.242 22.125 2.205
2.795 16.682 5.653
9.049 4.277 5.960
3.718 5.357 5.798
0.568 17.266 3.625
5.591 7.434 3.657
10.181 7.705 6.119
5.818 2.179 0.239
17.555 4.854 6.943
12.728 10.331 6.725
0.796 1.885 11.142
6.486 4.579 7.127
3.753 3.154 2.368
1.656 19.696 16.752
19.185 3.795 7.075
5.717 4.428 0.837
9.065 1.974 2.321
8.042 5.104 0.302
4.824 14.008 1.618
15.478 5.879 7.614
8.966 6.462 2.824
1.838 12.322 1.633
19.285 14.760 7.539
0.834 10.842 5.494
10.189 13.823 10.194
3.169 17.345 8.018
9.747 2.492 1.523
1.422 1.676 14.322
5.902 9.466 9.443
5.088 1.345 4.949
6.172 2.277 11.149
2.195 7.080 13.007
8.435 12.160 17.719
9.137 6.889 21.079
2.496 1.582 11.628
14.640 1.645 27.229
11.994 3.852 10.111
6.428 0.726 19.566
7.583 4.600 2.635
1.223 0.218 11.875
6.087 0.135 8.179
3.231 4.929 1.034
20.798 5.063 4.610
15.359 3.890 3.417
11.478 0.869 2.342
6.628 2.656 1.185
7.754 11.971 10.412
16.277 10.002 8.395
3.830 15.346 3.269
5.200 0.379 13.201
3.472 2.379 9.613
17.681 23.360 0.824
2.813 6.136 0.978
3.711 25.442 4.584
13.838 2.744 1.613
21.668 8.098 10.915
3.347 19.856 4.880
15.896 12.708 9.690
8.108 3.954 5.982
0.606 8.058 4.702
12.646 2.668 3.826
10.798 26.036 13.499
6.824 1.274 18.649
0.577 11.241 1.194
6.137 17.859 12.710
8.659 4.520 11.287
13.341 17.415 18.505
10.306 13.230 4.933
1.600 1.009 0.417
5.913 21.460 11.686
11.764 5.976 8.557
6.912 10.987 1.078
9.729 9.792 22.909
0.281 1.665 4.076
6.032 14.015 11.489
11.732 29.733 12.006
3.101 5.002 32.239
17.857 4.104 3.586
2.632 3.988 4.294
11.933 1.697 4.019
5.636 5.474 10.146
5.637 3.862 18.180
3.807 1.543 12.613
5.169 7.890 12.703
16.106 5.776 11.083
10.286 6.716 1.201
9.375 8.363 2.506
14.698 9.784 0.527
6.179 1.890 1.086
7.951 20.585 3.745
9.796 1.084 6.581
5.669 7.387 19.298
3.172 12.915 3.508
16.578 4.820 5.404
4.414 9.621 3.384
3.345 3.792 8.304
16.587 14.606 7.644
8.754 14.131 3.972
0.484 0.780 21.899
4.073 5.382 5.455
3.797 3.224 4.701
6.511 0.511 8.552
18.528 0.401 0.893
3.386 0.957 14.104
0.892 18.916 6.782
3.119 8.229 11.826
9.358 1.382 9.431
8.270 6.905 2.311
2.833 5.943 3.549
15.065 0.991 3.377
12.393 3.384 5.481
2.179 4.774 1.028
8.106 26.836 0.160
3.119 3.961 10.903
4.393 4.303 6.083
8.879 10.204 1.062
9.413 0.666 2.515
14.765 13.916 0.963
5.500 9.576 10.392
7.224 9.336 17.622
8.157 2.774 11.305
3.695 7.812 2.153
4.669 7.287 10.078
15.191 10.926 3.654
25.265 3.315 21.179
0.682 4.304 12.243
5.669 2.893 1.020
6.848 8.221 6.383
0.688 1.517 10.627
11.103 6.784 3.335
14.492 1.223 0.037
12.157 5.495 2.347
7.970 6.207 11.582
13.138 16.452 3.441
3.864 2.929 2.590
6.234 6.236 7.028
7.493 8.876 3.911
14.014 7.850 9.418
1.963 6.333 1.154
3.939 12.432 17.602
10.447 6.931 9.349
2.358 13.130 4.310
11.928 10.676 2.724
1.934 12.900 9.757
8.706 14.208 11.071
2.031 0.938 8.683
2.807 4.785 15.015
3.033 3.751 1.437
0.479 0.267 5.286
0.518 3.935 0.871
14.074 5.506 11.225
15.331 1.092 0.991
5.057 2.031 1.030
6.294 10.522 1.876
8.174 0.541 0.159
0.039 7.469 4.574
7.819 2.846 13.358
1.490 1.639 1.483
2.290 2.609 3.342
13.077 17.061 5.552
0.509 13.726 6.660
12.190 0.555 5.564
13.991 9.760 15.887
1.159 3.207 8.593
3.808 5.361 10.694
6.475 3.762 9.793
23.048 5.090 0.711
1.234 3.763 8.289
5.830 11.096 9.348
2.923 3.082 10.145
4.758 22.515 12.143
9.554 6.841 3.721
17.470 1.546 0.321
7.729 3.065 2.245
5.855 10.803 2.819
7.935 6.352 7.032
0.100 5.207 6.046
2.137 17.515 7.938
4.389 19.733 0.807
0.263 2.475 6.855
11.285 9.537 7.474
11.393 5.574 19.154
1.864 0.026 14.032
10.447 4.907 3.007
8.985 5.306 18.647
8.054 1.284 9.565
14.991 7.098 5.369
2.832 1.863 14.309
9.605 13.529 2.648
2.091 1.220 35.330
16.575 9.052 12.211
4.698 2.133 3.659
0.608 12.237 0.215
14.536 1.901 7.836
19.045 3.626 15.908
15.656 11.756 4.173
2.233 1.884 6.611
6.043 0.964 33.423
1.226 0.463 1.145
2.688 9.651 4.499
13.531 4.015 9.727
4.879 7.011 9.877
9.198 15.220 0.779
12.087 2.858 8.949
15.987 0.300 22.855
1.066 2.718 2.298
7.772 3.682 2.642
2.392 9.019 8.297
12.199 3.458 18.372
12.720 2.958 3.887
10.405 0.285 11.968
1.116 5.009 9.271
3.259 15.360 9.732
1.035 1.638 18.347
14.883 14.288 18.088
1.577 7.749 12.739
3.055 1.694 4.314
14.448 3.422 5.279
13.228 0.623 0.131
4.239 4.104 7.548
9.915 22.928 10.778
1.745 12.247 6.991
4.280 10.988 7.981
7.382 18.166 7.509
2.344 6.833 13.128
8.949 9.863 3.356
17.648 13.760 6.355
2.009 25.881 0.622
5.080 1.820 1.769
10.949 1.793 12.512
9.235 7.512 0.900
3.797 0.030 14.854
22.488 2.878 14.363
2.140 3.169 6.953
7.872 9.846 6.393
5.191 9.340 15.724
2.638 18.534 22.502
1.482 0.418 8.469
12.679 14.815 5.105
6.876 13.159 6.295
9.046 7.857 7.542
3.612 15.948 19.256
4.485 0.625 7.074
3.581 5.128 3.615
0.625 6.048 3.671
9.223 8.902 0.232
11.773 4.291 12.590
0.579 1.685 1.534
14.178 5.137 13.735
8.905 10.281 13.466
0.494 1.418 6.264
16.591 11.812 3.595
7.313 1.390 23.014
7.219 13.772 1.142
15.965 5.586 0.875
2.127 0.472 5.973
2.042 4.864 6.109
17.243 8.203 4.634
2.447 3.065 12.488
8.105 11.762 0.089
15.253 16.014 9.533
13.845 1.118 18.331
3.884 2.338 3.388
9.130 2.642 7.168
0.717 3.562 14.855
1.310 13.501 9.175
13.828 3.660 19.210
3.804 10.569 3.083
12.065 8.453 12.407
0.514 6.945 0.198
0.230 4.843 4.681
4.646 4.781 1.875
34.142 0.262 1.259
13.527 5.124 15.374
17.125 5.599 3.509
3.053 5.706 16.222
10.655 5.750 11.081
0.302 3.353 5.699
19.175 1.626 0.217
8.296 4.997 16.556
8.156 15.223 0.607
5.852 17.886 11.087
2.237 5.946 0.957
17.960 22.986 8.558
1.487 5.319 0.655
14.902 7.781 6.658
7.756 6.169 1.848
9.086 14.034 2.201
12.442 12.121 1.948
17.376 13.961 2.712
16.575 0.615 0.179
15.177 2.274 7.962
3.797 5.476 8.322
7.609 0.332 5.312
1.096 2.569 2.566
0.750 3.106 6.721
5.422 1.096 2.436
19.208 23.401 4.240
5.431 12.608 2.823
8.103 1.651 8.980
2.968 8.997 14.325
21.376 0.643 15.275
7.390 1.207 19.275
4.826 0.683 5.404
14.292 9.217 2.446
8.374 6.196 7.587
18.769 0.691 10.587
0.121 5.863 0.002
0.498 11.069 11.399
7.229 14.547 9.975
6.504 3.932 3.974
5.709 16.949 19.602
4.560 0.012 3.877
6.762 16.289 8.800
12.239 12.522 12.532
17.131 0.801 0.562
13.497 27.579 13.081
10.926 10.059 8.686
1.002 4.793 4.451
10.536 1.796 8.899
5.241 19.322 2.045
6.647 14.308 4.680
0.522 8.761 0.761
21.742 18.140 6.574
4.331 7.493 2.061
2.085 11.290 27.723
4.295 2.121 12.497
16.039 4.282 17.925
7.434 9.986 9.621
16.218 14.103 8.780
21.089 18.717 3.753
2.531 5.287 14.288
21.394 1.055 6.047
0.096 2.793 15.968
11.360 18.776 0.116
2.420 7.282 0.383
13.130 7.668 14.415
1.783 11.915 1.830
2.165 0.135 15.845
15.385 15.827 18.842
7.187 9.518 9.154
12.207 19.475 14.926
0.449 3.438 8.330
10.191 11.166 12.216
6.126 12.699 1.913
11.618 17.051 3.988
19.762 8.444 0.468
4.991 8.551 0.554
3.478 1.708 10.590
8.290 22.341 4.627
1.271 0.496 3.738
10.461 7.993 5.831
1.120 8.663 3.002
13.051 12.676 6.861
5.997 31.698 19.653
18.884 6.145 8.504
8.438 5.338 2.110
4.939 13.062 1.351
0.477 5.796 0.483
2.620 17.370 8.049
8.703 6.072 5.631
6.941 20.313 3.714
3.478 6.941 6.455
3.416 3.855 23.313
