20
0.00 0.69 1.61 0.80 1.71 1.21 0.46 1.13 1.00 0.66 0.91 1.25 0.84 0.72 0.90 0.97 0.57 1.16 1.45 0.95
0.69 0.00 1.02 0.93 1.21 1.61 1.01 0.87 0.87 1.20 1.39 1.53 0.88 0.94 0.99 1.32 0.82 0.77 1.83 0.73
1.61 1.02 0.00 1.36 0.89 0.68 1.13 1.33 1.10 1.14 0.91 0.45 0.63 1.04 1.06 1.37 1.11 0.77 0.63 1.04
0.80 0.93 1.36 0.00 1.26 1.13 0.68 1.31 0.52 0.76 1.48 1.32 0.93 1.00 1.31 0.81 1.03 0.96 0.97 0.74
1.71 1.21 0.89 1.26 0.00 1.06 1.80 0.41 0.91 1.29 1.01 1.04 1.53 1.65 0.76 0.58 1.53 0.95 0.90 1.31
1.21 1.61 0.68 1.13 1.06 0.00 0.77 1.35 0.75 0.46 0.28 0.44 1.11 0.96 1.03 0.82 0.96 0.88 0.59 0.77
0.46 1.01 1.13 0.68 1.80 0.77 0.00 1.26 0.96 0.70 0.81 1.06 0.95 0.40 1.20 1.15 0.50 1.16 1.00 0.98
1.13 0.87 1.33 1.31 0.41 1.35 1.26 0.00 1.13 1.44 0.96 1.58 1.79 1.10 0.85 0.72 0.94 1.19 1.38 1.43
1.00 0.87 1.10 0.52 0.91 0.75 0.96 1.13 0.00 0.25 1.10 0.93 1.36 1.41 1.15 0.35 1.40 0.28 1.18 0.78
0.66 1.20 1.14 0.76 1.29 0.46 0.70 1.44 0.25 0.00 0.75 0.54 1.08 1.19 1.08 0.41 1.22 0.43 0.93 0.86
0.91 1.39 0.91 1.48 1.01 0.28 0.81 0.96 1.10 0.75 0.00 0.71 1.24 1.06 0.47 0.92 0.87 1.32 0.99 0.98
1.25 1.53 0.45 1.32 1.04 0.44 1.06 1.58 0.93 0.54 0.71 0.00 0.63 1.24 0.90 0.88 1.43 0.70 0.33 1.18
0.84 0.88 0.63 0.93 1.53 1.11 0.95 1.79 1.36 1.08 1.24 0.63 0.00 0.79 1.10 1.60 0.86 1.07 0.75 0.76
0.72 0.94 1.04 1.00 1.65 0.96 0.40 1.10 1.41 1.19 1.06 1.24 0.79 0.00 1.62 1.56 0.16 1.14 1.02 0.75
0.90 0.99 1.06 1.31 0.76 1.03 1.20 0.85 1.15 1.08 0.47 0.90 1.10 1.62 0.00 0.93 1.42 1.47 1.21 1.21
0.97 1.32 1.37 0.81 0.58 0.82 1.15 0.72 0.35 0.41 0.92 0.88 1.60 1.56 0.93 0.00 1.44 0.64 0.90 1.40
0.57 0.82 1.11 1.03 1.53 0.96 0.50 0.94 1.40 1.22 0.87 1.43 0.86 0.16 1.42 1.44 0.00 1.29 1.23 0.79
1.16 0.77 0.77 0.96 0.95 0.88 1.16 1.19 0.28 0.43 1.32 0.70 1.07 1.14 1.47 0.64 1.29 0.00 1.07 0.84
1.45 1.83 0.63 0.97 0.90 0.59 1.00 1.38 1.18 0.93 0.99 0.33 0.75 1.02 1.21 0.90 1.23 1.07 0.00 1.35
0.95 0.73 1.04 0.74 1.31 0.77 0.98 1.43 0.78 0.86 0.98 1.18 0.76 0.75 1.21 1.40 0.79 0.84 1.35 0.00
