28
0 5061 12064 3853 7851 2075 11801 9638 4168 7569 4784 1181 10123 8504 8568 6635 573 5696 2512 5389 2477 11588 4558 6555 11742 1573 1042 9970
5061 0 8447 2722 4234 4222 8184 6021 1867 3952 1271 5396 6506 4887 4951 3018 4788 2079 4105 1772 2924 7971 2063 2938 8125 4436 4733 6353
12064 8447 0 9725 5279 11225 1613 3792 8870 6445 8274 12399 2063 4120 4598 6103 11791 6616 11108 6805 9927 1400 9066 6187 1750 11439 11736 2890
3853 2722 9725 0 5512 3014 9462 7299 1829 5230 2445 4188 7784 6165 6229 4296 3580 3357 2897 3050 1716 9249 2219 4216 9403 3228 3525 7631
7851 4234 5279 5512 0 7012 5016 2853 4657 2232 4061 8186 3338 1719 1783 1890 7578 2403 6895 2592 5714 4803 4853 1974 4957 7226 7523 3185
2075 4222 11225 3014 7012 0 10962 8799 3329 6730 3945 2410 9284 7665 7729 5796 1802 4857 1673 4550 1638 10749 3719 5716 10903 1450 1747 9131
11801 8184 1613 9462 5016 10962 0 3529 8607 6182 8011 12136 1800 3857 4335 5840 11528 6353 10845 6542 9664 819 8803 5924 1487 11176 11473 2627
9638 6021 3792 7299 2853 8799 3529 0 6444 4019 5848 9973 1851 1694 2172 3677 9365 4190 8682 4379 7501 3316 6640 3761 3470 9013 9310 1698
4168 1867 8870 1829 4657 3329 8607 6444 0 4375 1590 4503 6929 5310 5374 3441 3895 2502 3212 2195 2031 8394 1364 3361 8548 3543 3840 6776
7569 3952 6445 5230 2232 6730 6182 4019 4375 0 3779 7904 4504 2885 2949 1608 7296 2121 6613 2310 5432 5969 4571 1692 6123 6944 7241 4351
4784 1271 8274 2445 4061 3945 8011 5848 1590 3779 0 5119 6333 4714 4778 2845 4511 1906 3828 1599 2647 7798 1786 2765 7952 4159 4456 6180
1181 5396 12399 4188 8186 2410 12136 9973 4503 7904 5119 0 10458 8839 8903 6970 762 6031 2847 5724 2812 11923 4893 6890 12077 1908 1377 10305
10123 6506 2063 7784 3338 9284 1800 1851 6929 4504 6333 10458 0 2179 2657 4162 9850 4675 9167 4864 7986 1587 7125 4246 1741 9498 9795 949
8504 4887 4120 6165 1719 7665 3857 1694 5310 2885 4714 8839 2179 0 1038 2543 8231 3056 7548 3245 6367 3644 5506 2627 3798 7879 8176 2026
8568 4951 4598 6229 1783 7729 4335 2172 5374 2949 4778 8903 2657 1038 0 2607 8295 3120 7612 3309 6431 4122 5570 2691 4276 7943 8240 2504
6635 3018 6103 4296 1890 5796 5840 3677 3441 1608 2845 6970 4162 2543 2607 0 6362 1187 5679 1376 4498 5627 3637 758 5781 6010 6307 4009
573 4788 11791 3580 7578 1802 11528 9365 3895 7296 4511 762 9850 8231 8295 6362 0 5423 2239 5116 2204 11315 4285 6282 11469 1300 769 9697
5696 2079 6616 3357 2403 4857 6353 4190 2502 2121 1906 6031 4675 3056 3120 1187 5423 0 4740 437 3559 6140 2698 1107 6294 5071 5368 4522
2512 4105 11108 2897 6895 1673 10845 8682 3212 6613 3828 2847 9167 7548 7612 5679 2239 4740 0 4433 1521 10632 3602 5599 10786 1887 2184 9014
5389 1772 6805 3050 2592 4550 6542 4379 2195 2310 1599 5724 4864 3245 3309 1376 5116 437 4433 0 3252 6329 2391 1296 6483 4764 5061 4711
2477 2924 9927 1716 5714 1638 9664 7501 2031 5432 2647 2812 7986 6367 6431 4498 2204 3559 1521 3252 0 9451 2421 4418 9605 1852 2149 7833
11588 7971 1400 9249 4803 10749 819 3316 8394 5969 7798 11923 1587 3644 4122 5627 11315 6140 10632 6329 9451 0 8590 5711 1274 10963 11260 2414
4558 2063 9066 2219 4853 3719 8803 6640 1364 4571 1786 4893 7125 5506 5570 3637 4285 2698 3602 2391 2421 8590 0 3557 8744 3933 4230 6972
6555 2938 6187 4216 1974 5716 5924 3761 3361 1692 2765 6890 4246 2627 2691 758 6282 1107 5599 1296 4418 5711 3557 0 5865 5930 6227 4093
11742 8125 1750 9403 4957 10903 1487 3470 8548 6123 7952 12077 1741 3798 4276 5781 11469 6294 10786 6483 9605 1274 8744 5865 0 11117 11414 2568
1573 4436 11439 3228 7226 1450 11176 9013 3543 6944 4159 1908 9498 7879 7943 6010 1300 5071 1887 4764 1852 10963 3933 5930 11117 0 1245 9345
1042 4733 11736 3525 7523 1747 11473 9310 3840 7241 4456 1377 9795 8176 8240 6307 769 5368 2184 5061 2149 11260 4230 6227 11414 1245 0 9642
9970 6353 2890 7631 3185 9131 2627 1698 6776 4351 6180 10305 949 2026 2504 4009 9697 4522 9014 4711 7833 2414 6972 4093 2568 9345 9642 0
