0 55 60 108 216 91 85 53 51 188 229 40 162 31 228 109 69 32 94 114 145 199 211 165 131 231 82 49 96 117 83 176
55 0 91 139 177 52 116 84 22 149 190 71 123 62 189 140 30 41 125 75 106 160 172 126 92 192 43 30 57 78 114 137
60 91 0 62 252 127 39 27 87 224 265 44 198 55 264 63 105 68 48 150 181 235 247 201 167 267 118 85 132 153 37 212
108 139 62 0 300 175 43 75 135 272 313 92 246 103 312 27 153 116 34 198 229 283 295 249 215 315 166 133 180 201 55 260
216 177 252 300 0 145 277 245 183 44 31 232 82 223 30 301 161 202 286 126 95 37 35 67 103 33 160 191 138 115 275 52
91 52 127 175 145 0 152 120 58 117 158 107 91 98 157 176 36 77 161 43 74 128 140 94 60 160 35 66 25 46 150 105
85 116 39 43 277 152 0 52 112 249 290 69 223 80 289 44 130 93 29 175 206 260 272 226 192 292 143 110 157 178 32 237
53 84 27 75 245 120 52 0 80 217 258 37 191 48 257 76 98 61 61 143 174 228 240 194 160 260 111 78 125 146 50 205
51 22 87 135 183 58 112 80 0 155 196 67 129 58 195 136 36 37 121 81 112 166 178 132 98 198 49 26 63 84 110 143
188 149 224 272 44 117 249 217 155 0 57 204 54 195 56 273 133 174 258 98 67 27 39 39 75 59 132 163 110 87 247 24
229 190 265 313 31 158 290 258 196 57 0 245 95 236 31 314 174 215 299 139 108 50 48 80 116 18 173 204 151 128 288 65
40 71 44 92 232 107 69 37 67 204 245 0 178 35 244 93 85 48 78 130 161 215 227 181 147 247 98 65 112 133 67 192
162 123 198 246 82 91 223 191 129 54 95 178 0 169 94 247 107 148 232 72 41 65 77 31 49 97 106 137 84 61 221 42
31 62 55 103 223 98 80 48 58 195 236 35 169 0 235 104 76 39 89 121 152 206 218 172 138 238 89 56 103 124 78 183
228 189 264 312 30 157 289 257 195 56 31 244 94 235 0 313 173 214 298 138 107 49 47 79 115 33 172 203 150 127 287 64
109 140 63 27 301 176 44 76 136 273 314 93 247 104 313 0 154 117 35 199 230 284 296 250 216 316 167 134 181 202 56 261
69 30 105 153 161 36 130 98 36 133 174 85 107 76 173 154 0 55 139 59 90 144 156 110 76 176 27 44 41 62 128 121
32 41 68 116 202 77 93 61 37 174 215 48 148 39 214 117 55 0 102 100 131 185 197 151 117 217 68 35 82 103 91 162
94 125 48 34 286 161 29 61 121 258 299 78 232 89 298 35 139 102 0 184 215 269 281 235 201 301 152 119 166 187 41 246
114 75 150 198 126 43 175 143 81 98 139 130 72 121 138 199 59 100 184 0 55 109 121 75 41 141 58 89 36 27 173 86
145 106 181 229 95 74 206 174 112 67 108 161 41 152 107 230 90 131 215 55 0 78 90 44 32 110 89 120 67 44 204 55
199 160 235 283 37 128 260 228 166 27 50 215 65 206 49 284 144 185 269 109 78 0 32 50 86 52 143 174 121 98 258 35
211 172 247 295 35 140 272 240 178 39 48 227 77 218 47 296 156 197 281 121 90 32 0 62 98 50 155 186 133 110 270 47
165 126 201 249 67 94 226 194 132 39 80 181 31 172 79 250 110 151 235 75 44 50 62 0 52 82 109 140 87 64 224 27
131 92 167 215 103 60 192 160 98 75 116 147 49 138 115 216 76 117 201 41 32 86 98 52 0 118 75 106 53 30 190 63
231 192 267 315 33 160 292 260 198 59 18 247 97 238 33 316 176 217 301 141 110 52 50 82 118 0 175 206 153 130 290 67
82 43 118 166 160 35 143 111 49 132 173 98 106 89 172 167 27 68 152 58 89 143 155 109 75 175 0 57 40 61 141 120
49 30 85 133 191 66 110 78 26 163 204 65 137 56 203 134 44 35 119 89 120 174 186 140 106 206 57 0 71 92 108 151
96 57 132 180 138 25 157 125 63 110 151 112 84 103 150 181 41 82 166 36 67 121 133 87 53 153 40 71 0 39 155 98
117 78 153 201 115 46 178 146 84 87 128 133 61 124 127 202 62 103 187 27 44 98 110 64 30 130 61 92 39 0 176 75
83 114 37 55 275 150 32 50 110 247 288 67 221 78 287 56 128 91 41 173 204 258 270 224 190 290 141 108 155 176 0 235
176 137 212 260 52 105 237 205 143 24 65 192 42 183 64 261 121 162 246 86 55 35 47 27 63 67 120 151 98 75 235 0
