24
1
0 3771 3327 1393 2045 6827 6479 4332 4395 6532 2778 1808 5391 7124 6844 2008 6164 5335 5607 4655 6824 3070 5313 1235
3771 0 6898 3594 5616 10398 3424 7903 7966 3477 1555 3711 2336 4069 10415 2279 9735 8906 2552 1600 10395 6641 8884 4806
3327 6898 0 4520 2318 4038 9606 1543 1606 9659 5905 4935 8518 10251 4055 5135 3375 2546 8734 7782 4035 1603 2524 2892
1393 3594 4520 0 3238 8020 6302 5525 5588 6355 2601 1631 5214 6947 8037 1831 7357 6528 5430 4478 8017 4263 6506 2428
2045 5616 2318 3238 0 5818 8324 3323 3386 8377 4623 3653 7236 8969 5835 3853 5155 4326 7452 6500 5815 2061 4304 1610
6827 10398 4038 8020 5818 0 13106 2891 3494 13159 9405 8435 12018 13751 683 8635 2091 1910 12234 11282 1161 5103 2780 6392
6479 3424 9606 6302 8324 13106 0 10611 10674 1089 4263 6419 2290 845 13123 4987 12443 11614 2148 3070 13103 9349 11592 7514
4332 7903 1543 5525 3323 2891 10611 0 999 10664 6910 5940 9523 11256 2908 6140 2228 1399 9739 8787 2888 2608 1377 3897
4395 7966 1606 5588 3386 3494 10674 999 0 10727 6973 6003 9586 11319 3511 6203 2831 2002 9802 8850 3491 2671 1980 3960
6532 3477 9659 6355 8377 13159 1089 10664 10727 0 4316 6472 2343 1734 13176 5040 12496 11667 2201 3123 13156 9402 11645 7567
2778 1555 5905 2601 4623 9405 4263 6910 6973 4316 0 2718 3175 4908 9422 1286 8742 7913 3391 2439 9402 5648 7891 3813
1808 3711 4935 1631 3653 8435 6419 5940 6003 6472 2718 0 5331 7064 8452 1948 7772 6943 5547 4595 8432 4678 6921 2843
5391 2336 8518 5214 7236 12018 2290 9523 9586 2343 3175 5331 0 2935 12035 3899 11355 10526 1418 1982 12015 8261 10504 6426
7124 4069 10251 6947 8969 13751 845 11256 11319 1734 4908 7064 2935 0 13768 5632 13088 12259 2793 3715 13748 9994 12237 8159
6844 10415 4055 8037 5835 683 13123 2908 3511 13176 9422 8452 12035 13768 0 8652 2108 1927 12251 11299 1178 5120 2797 6409
2008 2279 5135 1831 3853 8635 4987 6140 6203 5040 1286 1948 3899 5632 8652 0 7972 7143 4115 3163 8632 4878 7121 3043
6164 9735 3375 7357 5155 2091 12443 2228 2831 12496 8742 7772 11355 13088 2108 7972 0 1247 11571 10619 2088 4440 2117 5729
5335 8906 2546 6528 4326 1910 11614 1399 2002 11667 7913 6943 10526 12259 1927 7143 1247 0 10742 9790 1907 3611 1288 4900
5607 2552 8734 5430 7452 12234 2148 9739 9802 2201 3391 5547 1418 2793 12251 4115 11571 10742 0 2198 12231 8477 10720 6642
4655 1600 7782 4478 6500 11282 3070 8787 8850 3123 2439 4595 1982 3715 11299 3163 10619 9790 2198 0 11279 7525 9768 5690
6824 10395 4035 8017 5815 1161 13103 2888 3491 13156 9402 8432 12015 13748 1178 8632 2088 1907 12231 11279 0 5100 2777 6389
3070 6641 1603 4263 2061 5103 9349 2608 2671 9402 5648 4678 8261 9994 5120 4878 4440 3611 8477 7525 5100 0 3589 2635
5313 8884 2524 6506 4304 2780 11592 1377 1980 11645 7891 6921 10504 12237 2797 7121 2117 1288 10720 9768 2777 3589 0 4878
1235 4806 2892 2428 1610 6392 7514 3897 3960 7567 3813 2843 6426 8159 6409 3043 5729 4900 6642 5690 6389 2635 4878 0
